ObjInfo{}
Version{2.0}
ModelType{DC}
DataType{NMOS}
Delimitor{,}
Workingmode{FORWARD}
Instance{L= 1.000000E+01, W= 1.000000E+00, T= 2.500000E+01}
Input{Vgs, Vbs, Vds}
Output{Id}
{Id_Vg}
[Vgs, Id(Vbs= 0.000000E+00), Id(Vbs= -1.250000E+00), Id(Vbs= -2.500000E+00), Id(Vbs= -3.750000E+00), Id(Vbs= -5.000000E+00), Vds= 1.000000E-01, Ref_Vs=0]
 0.000000E+00,  1.000000E-13,  1.200000E-13,  1.000000E-13,  1.200000E-13,  1.100000E-13
 1.000000E-01,  8.000000E-14,  1.000000E-13,  1.000000E-13,  1.200000E-13,  1.100000E-13
 2.000000E-01,  9.000000E-14,  1.000000E-13,  1.100000E-13,  1.000000E-13,  1.100000E-13
 3.000000E-01,  9.000000E-14,  1.000000E-13,  1.100000E-13,  1.000000E-13,  1.200000E-13
 4.000000E-01,  1.800000E-13,  1.000000E-13,  1.000000E-13,  1.000000E-13,  1.200000E-13
 5.000000E-01,  1.140000E-12,  1.100000E-13,  1.000000E-13,  1.000000E-13,  1.100000E-13
 6.000000E-01,  1.276000E-11,  1.100000E-13,  9.000000E-14,  1.000000E-13,  1.000000E-13
 7.000000E-01,  1.600300E-10,  1.000000E-13,  1.100000E-13,  1.000000E-13,  1.000000E-13
 8.000000E-01,  1.757800E-09,  1.200000E-13,  1.200000E-13,  1.000000E-13,  1.100000E-13
 9.000000E-01,  1.144400E-08,  4.000000E-13,  1.100000E-13,  9.000000E-14,  1.200000E-13
 1.000000E+00,  4.117000E-08,  6.790000E-12,  8.000000E-14,  1.000000E-13,  1.100000E-13
 1.100000E+00,  9.166900E-08,  1.503200E-10,  1.600000E-13,  8.000000E-14,  9.000000E-14
 1.200000E+00,  1.556900E-07,  2.406300E-09,  1.820000E-12,  9.000000E-14,  9.000000E-14
 1.300000E+00,  2.262600E-07,  1.605400E-08,  4.548000E-11,  1.800000E-13,  1.100000E-13
 1.400000E+00,  3.010000E-07,  5.071800E-08,  9.884500E-10,  2.300000E-12,  1.200000E-13
 1.500000E+00,  3.777100E-07,  1.029000E-07,  9.389200E-09,  6.324000E-11,  3.200000E-13
 1.600000E+00,  4.548800E-07,  1.652900E-07,  3.596200E-08,  1.312800E-09,  6.690000E-12
 1.700000E+00,  5.330500E-07,  2.342200E-07,  8.064500E-08,  1.099800E-08,  1.890500E-10
 1.800000E+00,  6.109600E-07,  3.057700E-07,  1.366700E-07,  3.891700E-08,  3.032600E-09
 1.900000E+00,  6.895600E-07,  3.794700E-07,  2.006500E-07,  8.297700E-08,  1.807300E-08
 2.000000E+00,  7.678700E-07,  4.540000E-07,  2.692400E-07,  1.375000E-07,  5.112200E-08
 2.100000E+00,  8.454700E-07,  5.282700E-07,  3.397200E-07,  1.985700E-07,  9.693000E-08
 2.200000E+00,  9.234800E-07,  6.032300E-07,  4.120400E-07,  2.648800E-07,  1.516200E-07
 2.300000E+00,  1.000300E-06,  6.775700E-07,  4.844400E-07,  3.335600E-07,  2.119100E-07
 2.400000E+00,  1.077400E-06,  7.522600E-07,  5.574300E-07,  4.042200E-07,  2.769100E-07
 2.500000E+00,  1.154300E-06,  8.266600E-07,  6.304700E-07,  4.757000E-07,  3.448200E-07
 2.600000E+00,  1.229700E-06,  9.001700E-07,  7.028000E-07,  5.469500E-07,  4.138600E-07
 2.700000E+00,  1.305000E-06,  9.738700E-07,  7.753600E-07,  6.186200E-07,  4.842200E-07
 2.800000E+00,  1.379200E-06,  1.046400E-06,  8.469800E-07,  6.895700E-07,  5.542900E-07
 2.900000E+00,  1.453400E-06,  1.119000E-06,  9.187700E-07,  7.607300E-07,  6.249100E-07
 3.000000E+00,  1.526500E-06,  1.191300E-06,  9.899600E-07,  8.314000E-07,  6.952400E-07
 3.100000E+00,  1.598500E-06,  1.261800E-06,  1.060000E-06,  9.010500E-07,  7.645600E-07
 3.200000E+00,  1.670200E-06,  1.332200E-06,  1.129900E-06,  9.705600E-07,  8.339000E-07
 3.300000E+00,  1.740700E-06,  1.401900E-06,  1.199400E-06,  1.039500E-06,  9.026200E-07
 3.400000E+00,  1.809900E-06,  1.470000E-06,  1.267100E-06,  1.107000E-06,  9.701200E-07
 3.500000E+00,  1.878900E-06,  1.537700E-06,  1.334500E-06,  1.174700E-06,  1.037500E-06
 3.600000E+00,  1.945700E-06,  1.604200E-06,  1.400800E-06,  1.240800E-06,  1.103600E-06
 3.700000E+00,  2.012400E-06,  1.669800E-06,  1.466200E-06,  1.306300E-06,  1.169400E-06
 3.800000E+00,  2.078000E-06,  1.734500E-06,  1.530900E-06,  1.370900E-06,  1.234100E-06
 3.900000E+00,  2.141500E-06,  1.797700E-06,  1.594200E-06,  1.434200E-06,  1.297600E-06
 4.000000E+00,  2.204500E-06,  1.860100E-06,  1.656400E-06,  1.496600E-06,  1.360200E-06
 4.100000E+00,  2.266000E-06,  1.921000E-06,  1.717300E-06,  1.557600E-06,  1.421500E-06
 4.200000E+00,  2.326100E-06,  1.981300E-06,  1.777600E-06,  1.618200E-06,  1.482200E-06
 4.300000E+00,  2.385300E-06,  2.040300E-06,  1.836500E-06,  1.677400E-06,  1.541600E-06
 4.400000E+00,  2.443000E-06,  2.097500E-06,  1.893800E-06,  1.735000E-06,  1.599400E-06
 4.500000E+00,  2.499100E-06,  2.154200E-06,  1.950600E-06,  1.792000E-06,  1.656800E-06
 4.600000E+00,  2.553900E-06,  2.208900E-06,  2.005400E-06,  1.847100E-06,  1.712300E-06
 4.700000E+00,  2.607900E-06,  2.263000E-06,  2.059400E-06,  1.901500E-06,  1.767100E-06
 4.800000E+00,  2.659900E-06,  2.315900E-06,  2.112400E-06,  1.954700E-06,  1.820800E-06
 4.900000E+00,  2.710600E-06,  2.367000E-06,  2.163400E-06,  2.006100E-06,  1.872600E-06
 5.000000E+00,  2.760500E-06,  2.417300E-06,  2.213800E-06,  2.056800E-06,  1.923600E-06
[Vgs, Id(Vbs= 0.000000E+00), Id(Vbs= -1.250000E+00), Id(Vbs= -2.500000E+00), Id(Vbs= -3.750000E+00), Id(Vbs= -5.000000E+00), Vds= 5.500000E+00, Ref_Vs=0]
 0.000000E+00,  1.300000E-13,  1.700000E-13,  1.700000E-13,  1.700000E-13,  2.400000E-13
 1.000000E-01,  1.100000E-13,  1.600000E-13,  1.500000E-13,  1.800000E-13,  2.100000E-13
 2.000000E-01,  1.300000E-13,  1.500000E-13,  1.300000E-13,  1.500000E-13,  2.200000E-13
 3.000000E-01,  1.500000E-13,  1.000000E-13,  1.200000E-13,  1.500000E-13,  2.100000E-13
 4.000000E-01,  2.500000E-13,  1.200000E-13,  1.500000E-13,  1.600000E-13,  2.000000E-13
 5.000000E-01,  1.370000E-12,  9.000000E-14,  1.400000E-13,  1.400000E-13,  2.100000E-13
 6.000000E-01,  1.513000E-11,  1.300000E-13,  1.500000E-13,  1.500000E-13,  2.100000E-13
 7.000000E-01,  1.858300E-10,  1.200000E-13,  1.400000E-13,  1.400000E-13,  2.200000E-13
 8.000000E-01,  2.032700E-09,  1.300000E-13,  1.400000E-13,  1.500000E-13,  2.100000E-13
 9.000000E-01,  1.385900E-08,  4.600000E-13,  1.300000E-13,  1.300000E-13,  2.200000E-13
 1.000000E+00,  5.224100E-08,  7.840000E-12,  1.300000E-13,  1.400000E-13,  2.000000E-13
 1.100000E+00,  1.334200E-07,  1.718300E-10,  2.100000E-13,  1.600000E-13,  2.000000E-13
 1.200000E+00,  2.664100E-07,  2.752700E-09,  2.130000E-12,  1.600000E-13,  2.000000E-13
 1.300000E+00,  4.537100E-07,  1.912900E-08,  5.186000E-11,  2.400000E-13,  2.000000E-13
 1.400000E+00,  7.002300E-07,  6.857700E-08,  1.122900E-09,  2.670000E-12,  2.100000E-13
 1.500000E+00,  1.005500E-06,  1.663600E-07,  1.093500E-08,  7.199000E-11,  4.600000E-13
 1.600000E+00,  1.367000E-06,  3.196800E-07,  4.651100E-08,  1.490000E-09,  7.740000E-12
 1.700000E+00,  1.790100E-06,  5.349100E-07,  1.247000E-07,  1.149900E-08,  2.148800E-10
 1.800000E+00,  2.268700E-06,  8.103200E-07,  2.547300E-07,  5.134300E-08,  3.455200E-09
 1.900000E+00,  2.809900E-06,  1.150800E-06,  4.445100E-07,  1.318500E-07,  2.180500E-08
 2.000000E+00,  3.410000E-06,  1.553800E-06,  6.960900E-07,  2.639400E-07,  7.188100E-08
 2.100000E+00,  4.063700E-06,  2.015400E-06,  1.007800E-06,  4.516800E-07,  1.650100E-07
 2.200000E+00,  4.781300E-06,  2.542400E-06,  1.385200E-06,  7.013000E-07,  3.103800E-07
 2.300000E+00,  5.551200E-06,  3.126600E-06,  1.821700E-06,  1.010500E-06,  5.106900E-07
 2.400000E+00,  6.384700E-06,  3.775800E-06,  2.323500E-06,  1.384500E-06,  7.717500E-07
 2.500000E+00,  7.277300E-06,  4.486500E-06,  2.887700E-06,  1.821000E-06,  1.094300E-06
 2.600000E+00,  8.220700E-06,  5.252000E-06,  3.508800E-06,  2.316000E-06,  1.476100E-06
 2.700000E+00,  9.229300E-06,  6.083700E-06,  4.195900E-06,  2.876700E-06,  1.922300E-06
 2.800000E+00,  1.028700E-05,  6.968400E-06,  4.937900E-06,  3.494200E-06,  2.426700E-06
 2.900000E+00,  1.141100E-05,  7.919300E-06,  5.745900E-06,  4.177300E-06,  2.996300E-06
 3.000000E+00,  1.259100E-05,  8.929400E-06,  6.614400E-06,  4.921100E-06,  3.627200E-06
 3.100000E+00,  1.381800E-05,  9.989700E-06,  7.534900E-06,  5.718900E-06,  4.313700E-06
 3.200000E+00,  1.510900E-05,  1.111500E-05,  8.520500E-06,  6.581300E-06,  5.064200E-06
 3.300000E+00,  1.645500E-05,  1.229800E-05,  9.564700E-06,  7.502900E-06,  5.874800E-06
 3.400000E+00,  1.784400E-05,  1.352700E-05,  1.065800E-05,  8.475100E-06,  6.737400E-06
 3.500000E+00,  1.929700E-05,  1.482100E-05,  1.181600E-05,  9.512600E-06,  7.664400E-06
 3.600000E+00,  2.079000E-05,  1.615900E-05,  1.302100E-05,  1.059800E-05,  8.641300E-06
 3.700000E+00,  2.234600E-05,  1.756000E-05,  1.428900E-05,  1.174700E-05,  9.681900E-06
 3.800000E+00,  2.395200E-05,  1.901400E-05,  1.561100E-05,  1.295100E-05,  1.077800E-05
 3.900000E+00,  2.559500E-05,  2.050700E-05,  1.697500E-05,  1.419900E-05,  1.192000E-05
 4.000000E+00,  2.729400E-05,  2.205800E-05,  1.839900E-05,  1.550700E-05,  1.312200E-05
 4.100000E+00,  2.902800E-05,  2.364800E-05,  1.986300E-05,  1.685700E-05,  1.436800E-05
 4.200000E+00,  3.081900E-05,  2.529600E-05,  2.138600E-05,  1.826800E-05,  1.567400E-05
 4.300000E+00,  3.265700E-05,  2.699200E-05,  2.295800E-05,  1.972800E-05,  1.703100E-05
 4.400000E+00,  3.451900E-05,  2.871700E-05,  2.456200E-05,  2.122100E-05,  1.842400E-05
 4.500000E+00,  3.643700E-05,  3.049700E-05,  2.622200E-05,  2.277300E-05,  1.987500E-05
 4.600000E+00,  3.837700E-05,  3.230500E-05,  2.791300E-05,  2.435700E-05,  2.135900E-05
 4.700000E+00,  4.037100E-05,  3.416700E-05,  2.965700E-05,  2.599500E-05,  2.289800E-05
 4.800000E+00,  4.240000E-05,  3.606600E-05,  3.144200E-05,  2.767500E-05,  2.448100E-05
 4.900000E+00,  4.444900E-05,  3.798900E-05,  3.325200E-05,  2.938200E-05,  2.609200E-05
 5.000000E+00,  4.654700E-05,  3.996200E-05,  3.511200E-05,  3.114000E-05,  2.775600E-05
{id_vd}
[Vds, Id(Vgs= 1.171000E+00), Id(Vgs= 2.128000E+00), Id(Vgs= 3.085000E+00), Id(Vgs= 4.042000E+00), Id(Vgs= 4.999000E+00), Vbs= 0.000000E+00, Ref_Vs=0]
 0.000000E+00,  8.049300E-10,  4.203600E-09,  6.938500E-09,  1.057900E-08,  1.279200E-08
 1.000000E-01,  1.360000E-07,  8.668200E-07,  1.587200E-06,  2.229100E-06,  2.758000E-06
 2.000000E-01,  1.908800E-07,  1.622700E-06,  3.067800E-06,  4.363300E-06,  5.436300E-06
 3.000000E-01,  2.017800E-07,  2.266900E-06,  4.438700E-06,  6.394900E-06,  8.024300E-06
 4.000000E-01,  2.027400E-07,  2.800400E-06,  5.694500E-06,  8.313100E-06,  1.050700E-05
 5.000000E-01,  2.029200E-07,  3.234300E-06,  6.855000E-06,  1.014800E-05,  1.292100E-05
 6.000000E-01,  2.030100E-07,  3.569000E-06,  7.914000E-06,  1.188800E-05,  1.525200E-05
 7.000000E-01,  2.031000E-07,  3.807400E-06,  8.864400E-06,  1.351900E-05,  1.747800E-05
 8.000000E-01,  2.031500E-07,  3.962500E-06,  9.723000E-06,  1.506700E-05,  1.963400E-05
 9.000000E-01,  2.032000E-07,  4.046900E-06,  1.047900E-05,  1.651200E-05,  2.169200E-05
 1.000000E+00,  2.032700E-07,  4.084200E-06,  1.114500E-05,  1.787500E-05,  2.368100E-05
 1.100000E+00,  2.033000E-07,  4.097700E-06,  1.171700E-05,  1.914600E-05,  2.558600E-05
 1.200000E+00,  2.033500E-07,  4.103200E-06,  1.219400E-05,  2.031500E-05,  2.739200E-05
 1.300000E+00,  2.034000E-07,  4.106300E-06,  1.258400E-05,  2.140000E-05,  2.912600E-05
 1.400000E+00,  2.034300E-07,  4.108400E-06,  1.288700E-05,  2.238900E-05,  3.076500E-05
 1.500000E+00,  2.034700E-07,  4.110300E-06,  1.311100E-05,  2.329300E-05,  3.233000E-05
 1.600000E+00,  2.035000E-07,  4.111900E-06,  1.326400E-05,  2.410700E-05,  3.380500E-05
 1.700000E+00,  2.035400E-07,  4.113200E-06,  1.335700E-05,  2.482800E-05,  3.518800E-05
 1.800000E+00,  2.035600E-07,  4.114400E-06,  1.341000E-05,  2.546600E-05,  3.649800E-05
 1.900000E+00,  2.036000E-07,  4.115500E-06,  1.343700E-05,  2.601400E-05,  3.771000E-05
 2.000000E+00,  2.036400E-07,  4.116700E-06,  1.345300E-05,  2.648200E-05,  3.884700E-05
 2.100000E+00,  2.036500E-07,  4.117600E-06,  1.346200E-05,  2.686700E-05,  3.989700E-05
 2.200000E+00,  2.036800E-07,  4.118600E-06,  1.346900E-05,  2.717100E-05,  4.085500E-05
 2.300000E+00,  2.037200E-07,  4.119600E-06,  1.347500E-05,  2.740500E-05,  4.173500E-05
 2.400000E+00,  2.037400E-07,  4.120400E-06,  1.348000E-05,  2.757000E-05,  4.252300E-05
 2.500000E+00,  2.037600E-07,  4.121200E-06,  1.348500E-05,  2.768300E-05,  4.323400E-05
 2.600000E+00,  2.038000E-07,  4.122000E-06,  1.348900E-05,  2.775500E-05,  4.386200E-05
 2.700000E+00,  2.038300E-07,  4.122700E-06,  1.349300E-05,  2.780000E-05,  4.440300E-05
 2.800000E+00,  2.038800E-07,  4.123400E-06,  1.349600E-05,  2.782800E-05,  4.486700E-05
 2.900000E+00,  2.039100E-07,  4.124200E-06,  1.349900E-05,  2.784700E-05,  4.525100E-05
 3.000000E+00,  2.039700E-07,  4.124900E-06,  1.350200E-05,  2.786100E-05,  4.556300E-05
 3.100000E+00,  2.040300E-07,  4.125500E-06,  1.350600E-05,  2.787200E-05,  4.580700E-05
 3.200000E+00,  2.041100E-07,  4.126300E-06,  1.350800E-05,  2.788200E-05,  4.598600E-05
 3.300000E+00,  2.042100E-07,  4.127100E-06,  1.351100E-05,  2.789100E-05,  4.611500E-05
 3.400000E+00,  2.043000E-07,  4.127900E-06,  1.351400E-05,  2.789800E-05,  4.620200E-05
 3.500000E+00,  2.044300E-07,  4.128600E-06,  1.351600E-05,  2.790700E-05,  4.626100E-05
 3.600000E+00,  2.046200E-07,  4.129600E-06,  1.351900E-05,  2.791400E-05,  4.630300E-05
 3.700000E+00,  2.047900E-07,  4.130600E-06,  1.352100E-05,  2.792000E-05,  4.633300E-05
 3.800000E+00,  2.050400E-07,  4.131700E-06,  1.352400E-05,  2.792600E-05,  4.635500E-05
 3.900000E+00,  2.053300E-07,  4.133000E-06,  1.352600E-05,  2.793200E-05,  4.637300E-05
 4.000000E+00,  2.056700E-07,  4.134600E-06,  1.352800E-05,  2.793700E-05,  4.638900E-05
 4.100000E+00,  2.060600E-07,  4.136500E-06,  1.353000E-05,  2.794200E-05,  4.640300E-05
 4.200000E+00,  2.065300E-07,  4.138700E-06,  1.353300E-05,  2.794800E-05,  4.641500E-05
 4.300000E+00,  2.071100E-07,  4.141500E-06,  1.353600E-05,  2.795300E-05,  4.642700E-05
 4.400000E+00,  2.077200E-07,  4.144800E-06,  1.353900E-05,  2.795700E-05,  4.643800E-05
 4.500000E+00,  2.084400E-07,  4.148700E-06,  1.354200E-05,  2.796200E-05,  4.644700E-05
 4.600000E+00,  2.092900E-07,  4.153600E-06,  1.354600E-05,  2.796600E-05,  4.645600E-05
 4.700000E+00,  2.102000E-07,  4.159200E-06,  1.355000E-05,  2.797100E-05,  4.646600E-05
 4.800000E+00,  2.112700E-07,  4.166000E-06,  1.355500E-05,  2.797600E-05,  4.647400E-05
 4.900000E+00,  2.124200E-07,  4.174300E-06,  1.356100E-05,  2.798100E-05,  4.648100E-05
 5.000000E+00,  2.137000E-07,  4.183800E-06,  1.356800E-05,  2.798500E-05,  4.649000E-05
 5.100000E+00,  2.151000E-07,  4.195000E-06,  1.357600E-05,  2.799000E-05,  4.649600E-05
 5.200000E+00,  2.166300E-07,  4.207900E-06,  1.358700E-05,  2.799600E-05,  4.650400E-05
 5.300000E+00,  2.183000E-07,  4.222900E-06,  1.359900E-05,  2.800300E-05,  4.651100E-05
 5.400000E+00,  2.200700E-07,  4.239800E-06,  1.361500E-05,  2.801000E-05,  4.651700E-05
 5.500000E+00,  2.219700E-07,  4.258900E-06,  1.363300E-05,  2.801800E-05,  4.652400E-05
[Vds, Id(Vgs= 1.171000E+00), Id(Vgs= 2.128000E+00), Id(Vgs= 3.085000E+00), Id(Vgs= 4.042000E+00), Id(Vgs= 4.999000E+00), Vbs= -5.000000E+00, Ref_Vs=0]
 0.000000E+00,  1.100000E-13,  2.086300E-09,  1.348800E-08,  2.636000E-08,  3.877800E-08
 1.000000E-01,  1.200000E-13,  1.115700E-07,  7.540900E-07,  1.385500E-06,  1.922200E-06
 2.000000E-01,  1.000000E-13,  1.681400E-07,  1.422300E-06,  2.684400E-06,  3.760700E-06
 3.000000E-01,  9.000000E-14,  1.861000E-07,  2.010800E-06,  3.909500E-06,  5.536200E-06
 4.000000E-01,  1.200000E-13,  1.888600E-07,  2.516900E-06,  5.053100E-06,  7.236600E-06
 5.000000E-01,  1.000000E-13,  1.891700E-07,  2.948500E-06,  6.130800E-06,  8.884900E-06
 6.000000E-01,  1.100000E-13,  1.892600E-07,  3.303600E-06,  7.134100E-06,  1.046900E-05
 7.000000E-01,  1.200000E-13,  1.893400E-07,  3.582400E-06,  8.054300E-06,  1.197400E-05
 8.000000E-01,  1.000000E-13,  1.893600E-07,  3.793800E-06,  8.905200E-06,  1.342300E-05
 9.000000E-01,  1.100000E-13,  1.894000E-07,  3.941700E-06,  9.674500E-06,  1.479300E-05
 1.000000E+00,  1.200000E-13,  1.894600E-07,  4.037700E-06,  1.037400E-05,  1.610500E-05
 1.100000E+00,  1.400000E-13,  1.894700E-07,  4.091900E-06,  1.099600E-05,  1.734600E-05
 1.200000E+00,  1.100000E-13,  1.895100E-07,  4.117800E-06,  1.153900E-05,  1.850800E-05
 1.300000E+00,  1.300000E-13,  1.895300E-07,  4.128800E-06,  1.201000E-05,  1.960500E-05
 1.400000E+00,  1.100000E-13,  1.895700E-07,  4.133700E-06,  1.240400E-05,  2.062300E-05
 1.500000E+00,  1.000000E-13,  1.896000E-07,  4.136200E-06,  1.272900E-05,  2.157500E-05
 1.600000E+00,  9.000000E-14,  1.896300E-07,  4.138000E-06,  1.298600E-05,  2.245100E-05
 1.700000E+00,  1.300000E-13,  1.896600E-07,  4.139400E-06,  1.318000E-05,  2.324900E-05
 1.800000E+00,  1.100000E-13,  1.896800E-07,  4.140600E-06,  1.332100E-05,  2.397900E-05
 1.900000E+00,  1.200000E-13,  1.897100E-07,  4.141600E-06,  1.341600E-05,  2.463000E-05
 2.000000E+00,  1.300000E-13,  1.897500E-07,  4.142700E-06,  1.347700E-05,  2.521200E-05
 2.100000E+00,  1.100000E-13,  1.897700E-07,  4.143600E-06,  1.351300E-05,  2.572100E-05
 2.200000E+00,  1.400000E-13,  1.897900E-07,  4.144500E-06,  1.353300E-05,  2.615500E-05
 2.300000E+00,  1.000000E-13,  1.897900E-07,  4.145300E-06,  1.354500E-05,  2.652200E-05
 2.400000E+00,  1.300000E-13,  1.898000E-07,  4.146100E-06,  1.355300E-05,  2.681900E-05
 2.500000E+00,  1.200000E-13,  1.898200E-07,  4.146800E-06,  1.355800E-05,  2.705800E-05
 2.600000E+00,  1.200000E-13,  1.898600E-07,  4.147500E-06,  1.356300E-05,  2.724000E-05
 2.700000E+00,  1.200000E-13,  1.898800E-07,  4.148200E-06,  1.356700E-05,  2.737300E-05
 2.800000E+00,  1.300000E-13,  1.899000E-07,  4.148900E-06,  1.357000E-05,  2.746700E-05
 2.900000E+00,  1.200000E-13,  1.899300E-07,  4.149500E-06,  1.357300E-05,  2.753000E-05
 3.000000E+00,  1.200000E-13,  1.899700E-07,  4.150100E-06,  1.357600E-05,  2.757100E-05
 3.100000E+00,  1.000000E-13,  1.899800E-07,  4.150800E-06,  1.357900E-05,  2.759800E-05
 3.200000E+00,  1.000000E-13,  1.900100E-07,  4.151300E-06,  1.358200E-05,  2.761600E-05
 3.300000E+00,  1.100000E-13,  1.900500E-07,  4.151900E-06,  1.358400E-05,  2.762900E-05
 3.400000E+00,  1.300000E-13,  1.900800E-07,  4.152500E-06,  1.358700E-05,  2.764000E-05
 3.500000E+00,  1.400000E-13,  1.901300E-07,  4.153100E-06,  1.358900E-05,  2.764800E-05
 3.600000E+00,  1.400000E-13,  1.901900E-07,  4.153600E-06,  1.359100E-05,  2.765600E-05
 3.700000E+00,  1.400000E-13,  1.902600E-07,  4.154200E-06,  1.359300E-05,  2.766300E-05
 3.800000E+00,  1.400000E-13,  1.903600E-07,  4.154800E-06,  1.359500E-05,  2.766900E-05
 3.900000E+00,  1.600000E-13,  1.904700E-07,  4.155300E-06,  1.359700E-05,  2.767400E-05
 4.000000E+00,  1.100000E-13,  1.906100E-07,  4.156200E-06,  1.359900E-05,  2.768000E-05
 4.100000E+00,  1.300000E-13,  1.907600E-07,  4.157000E-06,  1.360100E-05,  2.768500E-05
 4.200000E+00,  1.600000E-13,  1.909400E-07,  4.157800E-06,  1.360300E-05,  2.768900E-05
 4.300000E+00,  1.600000E-13,  1.912000E-07,  4.158800E-06,  1.360500E-05,  2.769400E-05
 4.400000E+00,  1.400000E-13,  1.914700E-07,  4.160000E-06,  1.360700E-05,  2.769900E-05
 4.500000E+00,  1.300000E-13,  1.918100E-07,  4.161500E-06,  1.360900E-05,  2.770200E-05
 4.600000E+00,  1.600000E-13,  1.922400E-07,  4.163200E-06,  1.361100E-05,  2.770700E-05
 4.700000E+00,  1.500000E-13,  1.927200E-07,  4.165200E-06,  1.361300E-05,  2.771100E-05
 4.800000E+00,  1.700000E-13,  1.932900E-07,  4.167800E-06,  1.361500E-05,  2.771500E-05
 4.900000E+00,  1.600000E-13,  1.939700E-07,  4.170800E-06,  1.361700E-05,  2.771900E-05
 5.000000E+00,  1.700000E-13,  1.947500E-07,  4.174600E-06,  1.362000E-05,  2.772300E-05
 5.100000E+00,  1.900000E-13,  1.956400E-07,  4.179200E-06,  1.362300E-05,  2.772600E-05
 5.200000E+00,  2.100000E-13,  1.966600E-07,  4.184800E-06,  1.362700E-05,  2.773000E-05
 5.300000E+00,  1.900000E-13,  1.978100E-07,  4.191600E-06,  1.363100E-05,  2.773300E-05
 5.400000E+00,  2.000000E-13,  1.990700E-07,  4.199700E-06,  1.363600E-05,  2.773700E-05
 5.500000E+00,  2.200000E-13,  2.004900E-07,  4.209600E-06,  1.364200E-05,  2.774100E-05
{Isub_Vg}
[Vgs, Ib(Vds= 2.000000E+00), Ib(Vds= 2.750000E+00), Ib(Vds= 3.500000E+00), Ib(Vds= 4.250000E+00), Ib(Vds= 5.000000E+00), Vbs= 0.000000E+00, Ref_Vs=0]
 0.000000E+00,  -2.290000E-12,  -1.939000E-11,  -4.500000E-12,  -1.797000E-11,  -2.640000E-12
 1.000000E-01,  -9.530000E-12,  -9.276900E-10,  -6.700000E-12,  -4.300000E-13,  -1.614000E-11
 2.000000E-01,  -2.136000E-11,  -1.340000E-12,  -6.350000E-12,  -6.000000E-13,  -2.300000E-12
 3.000000E-01,  -1.540700E-10,  -1.910000E-12,  -3.000000E-13,  -3.500000E-12,  -3.530000E-12
 4.000000E-01,  -4.243000E-10,  -2.700000E-13,  -4.100000E-13,  -1.120000E-12,  -6.430000E-12
 5.000000E-01,  -4.806500E-10,  -3.020000E-12,  -4.480000E-12,  -2.000000E-12,  -3.310000E-12
 6.000000E-01,  -4.054600E-10,  -1.320000E-11,  -1.460000E-12,  -9.050000E-12,  -6.260000E-12
 7.000000E-01,  -1.284400E-10,  -1.338400E-10,  -1.003000E-10,  -1.170600E-10,  -1.219400E-10
 8.000000E-01,  -7.161500E-10,  -6.702000E-10,  -1.209140E-09,  -8.033900E-10,  -9.096800E-10
 9.000000E-01,  -1.961200E-09,  -2.020070E-09,  -2.032630E-09,  -2.303720E-09,  -2.836700E-09
 1.000000E+00,  -2.864340E-09,  -2.814280E-09,  -2.967670E-09,  -3.579090E-09,  -5.513880E-09
 1.100000E+00,  -2.300910E-09,  -2.468570E-09,  -2.681630E-09,  -4.099470E-09,  -8.406710E-09
 1.200000E+00,  -1.665360E-09,  -1.691130E-09,  -2.185980E-09,  -4.786470E-09,  -1.125027E-08
 1.300000E+00,  -1.535590E-09,  -1.573590E-09,  -2.237980E-09,  -5.958310E-09,  -1.818980E-08
 1.400000E+00,  -1.664090E-09,  -1.761120E-09,  -2.530610E-09,  -7.503140E-09,  -2.447930E-08
 1.500000E+00,  -1.904080E-09,  -2.106710E-09,  -3.009300E-09,  -9.017960E-09,  -3.109580E-08
 1.600000E+00,  -2.530530E-09,  -2.619520E-09,  -3.628210E-09,  -1.034101E-08,  -3.704400E-08
 1.700000E+00,  -3.247660E-09,  -3.139910E-09,  -4.249300E-09,  -1.135140E-08,  -4.228540E-08
 1.800000E+00,  -3.818110E-09,  -3.728670E-09,  -4.755610E-09,  -1.207260E-08,  -4.667730E-08
 1.900000E+00,  -4.239390E-09,  -4.340350E-09,  -5.282060E-09,  -1.250630E-08,  -4.992130E-08
 2.000000E+00,  -4.900240E-09,  -5.097280E-09,  -5.583460E-09,  -1.291480E-08,  -5.198210E-08
 2.100000E+00,  -5.480090E-09,  -5.447520E-09,  -6.003350E-09,  -1.298550E-08,  -5.305390E-08
 2.200000E+00,  -6.037150E-09,  -6.031500E-09,  -6.340370E-09,  -1.271830E-08,  -5.296560E-08
 2.300000E+00,  -6.553360E-09,  -6.506610E-09,  -6.787430E-09,  -1.276570E-08,  -5.208870E-08
 2.400000E+00,  -6.995080E-09,  -7.261750E-09,  -7.213990E-09,  -1.255460E-08,  -5.042900E-08
 2.500000E+00,  -7.601940E-09,  -7.703520E-09,  -7.587600E-09,  -1.200620E-08,  -4.793840E-08
 2.600000E+00,  -8.020970E-09,  -8.215250E-09,  -8.290120E-09,  -1.187340E-08,  -4.544380E-08
 2.700000E+00,  -8.403290E-09,  -8.544560E-09,  -7.553000E-09,  -1.132860E-08,  -4.239620E-08
 2.800000E+00,  -8.946440E-09,  -8.938620E-09,  -7.763700E-09,  -1.097020E-08,  -3.900430E-08
 2.900000E+00,  -9.310500E-09,  -9.334230E-09,  -8.320500E-09,  -1.050260E-08,  -3.608290E-08
 3.000000E+00,  -9.526210E-09,  -9.769010E-09,  -8.798500E-09,  -1.055340E-08,  -3.273110E-08
 3.100000E+00,  -1.018125E-08,  -1.034783E-08,  -9.108800E-09,  -1.037330E-08,  -2.986550E-08
 3.200000E+00,  -1.073598E-08,  -1.073937E-08,  -9.689600E-09,  -1.026580E-08,  -2.706140E-08
 3.300000E+00,  -9.999800E-09,  -9.917300E-09,  -9.796400E-09,  -1.064300E-08,  -2.424910E-08
 3.400000E+00,  -1.040260E-08,  -1.026390E-08,  -1.020460E-08,  -1.069130E-08,  -2.221180E-08
 3.500000E+00,  -1.060880E-08,  -1.052870E-08,  -1.059490E-08,  -1.115870E-08,  -2.039210E-08
 3.600000E+00,  -1.121950E-08,  -1.100440E-08,  -1.102180E-08,  -1.125040E-08,  -1.872950E-08
 3.700000E+00,  -1.133760E-08,  -1.133880E-08,  -1.141830E-08,  -1.179760E-08,  -1.722690E-08
 3.800000E+00,  -1.169740E-08,  -1.188160E-08,  -1.167680E-08,  -1.217670E-08,  -1.624350E-08
 3.900000E+00,  -1.213220E-08,  -1.213740E-08,  -1.215390E-08,  -1.257410E-08,  -1.550910E-08
 4.000000E+00,  -1.217070E-08,  -1.261720E-08,  -1.221680E-08,  -1.256970E-08,  -1.507580E-08
 4.100000E+00,  -1.282600E-08,  -1.304210E-08,  -1.317890E-08,  -1.298280E-08,  -1.475050E-08
 4.200000E+00,  -1.305680E-08,  -1.333240E-08,  -1.338900E-08,  -1.346760E-08,  -1.459280E-08
 4.300000E+00,  -1.344180E-08,  -1.369910E-08,  -1.372190E-08,  -1.373700E-08,  -1.428830E-08
 4.400000E+00,  -1.371640E-08,  -1.386760E-08,  -1.399500E-08,  -1.442040E-08,  -1.460080E-08
 4.500000E+00,  -1.379330E-08,  -1.422010E-08,  -1.470780E-08,  -1.436020E-08,  -1.448580E-08
 4.600000E+00,  -1.405760E-08,  -1.436630E-08,  -1.509510E-08,  -1.477230E-08,  -1.501930E-08
 4.700000E+00,  -1.441620E-08,  -1.500200E-08,  -1.541590E-08,  -1.521990E-08,  -1.521650E-08
 4.800000E+00,  -1.455860E-08,  -1.532150E-08,  -1.562720E-08,  -1.563190E-08,  -1.559090E-08
 4.900000E+00,  -1.507590E-08,  -1.578570E-08,  -1.584880E-08,  -1.554870E-08,  -1.589020E-08
 5.000000E+00,  -1.536500E-08,  -1.598660E-08,  -1.630930E-08,  -1.625740E-08,  -1.632350E-08
[Vgs, Id(Vds= 2.000000E+00), Id(Vds= 2.750000E+00), Id(Vds= 3.500000E+00), Id(Vds= 4.250000E+00), Id(Vds= 5.000000E+00), Vbs= 0.000000E+00, Ref_Vs=0]
 0.000000E+00,  1.100000E-13,  1.100000E-13,  1.200000E-13,  1.000000E-13,  1.300000E-13
 1.000000E-01,  9.000000E-14,  1.000000E-13,  1.200000E-13,  1.100000E-13,  1.100000E-13
 2.000000E-01,  1.000000E-13,  8.000000E-14,  1.100000E-13,  1.000000E-13,  1.100000E-13
 3.000000E-01,  1.400000E-13,  1.100000E-13,  1.300000E-13,  1.200000E-13,  1.100000E-13
 4.000000E-01,  2.000000E-13,  2.100000E-13,  2.100000E-13,  2.000000E-13,  2.300000E-13
 5.000000E-01,  1.310000E-12,  1.260000E-12,  1.290000E-12,  1.320000E-12,  1.390000E-12
 6.000000E-01,  1.430000E-11,  1.422000E-11,  1.431000E-11,  1.465000E-11,  1.536000E-11
 7.000000E-01,  1.751000E-10,  1.761400E-10,  1.772600E-10,  1.809500E-10,  1.897400E-10
 8.000000E-01,  1.886810E-09,  1.874960E-09,  1.898540E-09,  1.936170E-09,  2.020120E-09
 9.000000E-01,  1.265590E-08,  1.266510E-08,  1.271400E-08,  1.293090E-08,  1.348280E-08
 1.000000E+00,  4.754280E-08,  4.758950E-08,  4.776930E-08,  4.846170E-08,  5.036190E-08
 1.100000E+00,  1.220090E-07,  1.221310E-07,  1.225490E-07,  1.240880E-07,  1.284900E-07
 1.200000E+00,  2.450760E-07,  2.453760E-07,  2.460410E-07,  2.487260E-07,  2.569950E-07
 1.300000E+00,  4.199730E-07,  4.204400E-07,  4.214780E-07,  4.254960E-07,  4.379510E-07
 1.400000E+00,  6.522010E-07,  6.529060E-07,  6.542290E-07,  6.598070E-07,  6.773190E-07
 1.500000E+00,  9.422730E-07,  9.433830E-07,  9.451920E-07,  9.519450E-07,  9.746130E-07
 1.600000E+00,  1.288530E-06,  1.290030E-06,  1.292390E-06,  1.300240E-06,  1.327900E-06
 1.700000E+00,  1.696450E-06,  1.698750E-06,  1.701450E-06,  1.710270E-06,  1.742600E-06
 1.800000E+00,  2.161060E-06,  2.164200E-06,  2.167430E-06,  2.176970E-06,  2.213300E-06
 1.900000E+00,  2.689540E-06,  2.693340E-06,  2.697270E-06,  2.707560E-06,  2.747120E-06
 2.000000E+00,  3.278730E-06,  3.283630E-06,  3.288270E-06,  3.299010E-06,  3.340810E-06
 2.100000E+00,  3.923050E-06,  3.929260E-06,  3.934680E-06,  3.945780E-06,  3.989280E-06
 2.200000E+00,  4.632900E-06,  4.640530E-06,  4.646810E-06,  4.658350E-06,  4.702590E-06
 2.300000E+00,  5.397120E-06,  5.406570E-06,  5.413740E-06,  5.425690E-06,  5.469890E-06
 2.400000E+00,  6.226430E-06,  6.237510E-06,  6.246170E-06,  6.258080E-06,  6.301960E-06
 2.500000E+00,  7.115570E-06,  7.129070E-06,  7.139020E-06,  7.151470E-06,  7.194210E-06
 2.600000E+00,  8.056650E-06,  8.072800E-06,  8.083990E-06,  8.097220E-06,  8.138600E-06
 2.700000E+00,  9.063220E-06,  9.082550E-06,  9.095410E-06,  9.109270E-06,  9.149400E-06
 2.800000E+00,  1.011900E-05,  1.014237E-05,  1.015720E-05,  1.017185E-05,  1.021025E-05
 2.900000E+00,  1.123943E-05,  1.126775E-05,  1.128460E-05,  1.130025E-05,  1.133685E-05
 3.000000E+00,  1.241560E-05,  1.244990E-05,  1.246950E-05,  1.248650E-05,  1.252160E-05
 3.100000E+00,  1.363460E-05,  1.367860E-05,  1.370080E-05,  1.371890E-05,  1.375280E-05
 3.200000E+00,  1.491140E-05,  1.497000E-05,  1.499500E-05,  1.501490E-05,  1.504760E-05
 3.300000E+00,  1.623220E-05,  1.631510E-05,  1.634460E-05,  1.636620E-05,  1.639780E-05
 3.400000E+00,  1.757700E-05,  1.770350E-05,  1.773630E-05,  1.776030E-05,  1.779130E-05
 3.500000E+00,  1.895710E-05,  1.915410E-05,  1.919150E-05,  1.921770E-05,  1.924880E-05
 3.600000E+00,  2.033980E-05,  2.064340E-05,  2.068590E-05,  2.071420E-05,  2.074580E-05
 3.700000E+00,  2.173960E-05,  2.219310E-05,  2.224200E-05,  2.227350E-05,  2.230510E-05
 3.800000E+00,  2.313760E-05,  2.378910E-05,  2.384670E-05,  2.388190E-05,  2.391340E-05
 3.900000E+00,  2.452130E-05,  2.541840E-05,  2.548710E-05,  2.552530E-05,  2.555820E-05
 4.000000E+00,  2.590370E-05,  2.709940E-05,  2.718300E-05,  2.722490E-05,  2.725960E-05
 4.100000E+00,  2.726540E-05,  2.880630E-05,  2.891290E-05,  2.895880E-05,  2.899540E-05
 4.200000E+00,  2.862590E-05,  3.055640E-05,  3.069730E-05,  3.074930E-05,  3.078880E-05
 4.300000E+00,  2.997200E-05,  3.233080E-05,  3.252790E-05,  3.258490E-05,  3.262610E-05
 4.400000E+00,  3.129010E-05,  3.410240E-05,  3.438090E-05,  3.444460E-05,  3.448860E-05
 4.500000E+00,  3.260140E-05,  3.589250E-05,  3.628790E-05,  3.635920E-05,  3.640670E-05
 4.600000E+00,  3.388480E-05,  3.766620E-05,  3.821600E-05,  3.829690E-05,  3.834730E-05
 4.700000E+00,  3.515840E-05,  3.944350E-05,  4.019320E-05,  4.028440E-05,  4.033970E-05
 4.800000E+00,  3.641290E-05,  4.120610E-05,  4.220060E-05,  4.230850E-05,  4.236810E-05
 4.900000E+00,  3.763700E-05,  4.293860E-05,  4.422340E-05,  4.435220E-05,  4.441530E-05
 5.000000E+00,  3.884940E-05,  4.466460E-05,  4.628350E-05,  4.644350E-05,  4.651090E-05
