ObjInfo{}
Version{2.0}
ModelType{DC}
DataType{NMOS}
Delimitor{,}
Workingmode{FORWARD}
Instance{L= 1.000000E+01, W= 1.000000E+01, T= 2.500000E+01}
Input{Vgs, Vbs, Vds}
Output{Id}
{Id_Vg}
[Vgs, Id(Vbs= 0.000000E+00), Id(Vbs= -1.250000E+00), Id(Vbs= -2.500000E+00), Id(Vbs= -3.750000E+00), Id(Vbs= -5.000000E+00), Vds= 1.000000E-01, Ref_Vs=0]
 0.000000E+00,  9.000000E-14,  1.400000E-13,  1.400000E-13,  1.300000E-13,  1.500000E-13
 1.000000E-01,  8.000000E-14,  1.300000E-13,  1.300000E-13,  1.000000E-13,  1.300000E-13
 2.000000E-01,  1.400000E-13,  1.100000E-13,  1.200000E-13,  1.200000E-13,  1.100000E-13
 3.000000E-01,  4.900000E-13,  1.100000E-13,  1.000000E-13,  1.000000E-13,  1.000000E-13
 4.000000E-01,  5.080000E-12,  9.000000E-14,  1.200000E-13,  7.000000E-14,  9.000000E-14
 5.000000E-01,  6.075000E-11,  9.000000E-14,  8.000000E-14,  9.000000E-14,  1.200000E-13
 6.000000E-01,  7.967100E-10,  1.000000E-13,  9.000000E-14,  1.100000E-13,  9.000000E-14
 7.000000E-01,  1.027500E-08,  2.100000E-13,  9.000000E-14,  9.000000E-14,  9.000000E-14
 8.000000E-01,  9.184500E-08,  2.740000E-12,  1.000000E-13,  8.000000E-14,  1.100000E-13
 9.000000E-01,  4.225900E-07,  6.438000E-11,  1.400000E-13,  1.000000E-13,  9.000000E-14
 1.000000E+00,  1.080500E-06,  1.525400E-09,  1.440000E-12,  8.000000E-14,  8.000000E-14
 1.100000E+00,  1.964000E-06,  2.891400E-08,  4.004000E-11,  2.300000E-13,  1.000000E-13
 1.200000E+00,  2.953200E-06,  2.336400E-07,  1.148400E-09,  4.230000E-12,  1.200000E-13
 1.300000E+00,  3.979500E-06,  7.809000E-07,  2.482800E-08,  1.268400E-10,  9.900000E-13
 1.400000E+00,  5.032200E-06,  1.594400E-06,  2.193900E-07,  3.752700E-09,  2.982000E-11
 1.500000E+00,  6.088200E-06,  2.533200E-06,  7.578500E-07,  6.489700E-08,  9.610700E-10
 1.600000E+00,  7.133000E-06,  3.519900E-06,  1.544800E-06,  3.792800E-07,  2.285200E-08
 1.700000E+00,  8.180200E-06,  4.537900E-06,  2.460500E-06,  1.022400E-06,  2.095500E-07
 1.800000E+00,  9.210000E-06,  5.554700E-06,  3.424900E-06,  1.850800E-06,  7.217400E-07
 1.900000E+00,  1.023800E-05,  6.579100E-06,  4.420700E-06,  2.774300E-06,  1.481200E-06
 2.000000E+00,  1.125500E-05,  7.599100E-06,  5.426300E-06,  3.739200E-06,  2.359900E-06
 2.100000E+00,  1.225100E-05,  8.601900E-06,  6.424400E-06,  4.715500E-06,  3.287800E-06
 2.200000E+00,  1.324500E-05,  9.603300E-06,  7.424900E-06,  5.706400E-06,  4.250300E-06
 2.300000E+00,  1.421400E-05,  1.058700E-05,  8.411100E-06,  6.687400E-06,  5.216500E-06
 2.400000E+00,  1.517800E-05,  1.156500E-05,  9.394800E-06,  7.670200E-06,  6.192800E-06
 2.500000E+00,  1.613000E-05,  1.252900E-05,  1.036600E-05,  8.646400E-06,  7.166900E-06
 2.600000E+00,  1.705600E-05,  1.347300E-05,  1.131900E-05,  9.603800E-06,  8.126400E-06
 2.700000E+00,  1.797600E-05,  1.441100E-05,  1.226600E-05,  1.055900E-05,  9.084200E-06
 2.800000E+00,  1.887500E-05,  1.532500E-05,  1.319300E-05,  1.149500E-05,  1.002400E-05
 2.900000E+00,  1.976000E-05,  1.623100E-05,  1.410800E-05,  1.242300E-05,  1.095700E-05
 3.000000E+00,  2.063000E-05,  1.712100E-05,  1.501000E-05,  1.333300E-05,  1.187800E-05
 3.100000E+00,  2.147800E-05,  1.798600E-05,  1.589000E-05,  1.422200E-05,  1.277400E-05
 3.200000E+00,  2.230800E-05,  1.883900E-05,  1.675400E-05,  1.510200E-05,  1.366200E-05
 3.300000E+00,  2.312300E-05,  1.967600E-05,  1.760400E-05,  1.596100E-05,  1.453300E-05
 3.400000E+00,  2.391700E-05,  2.048600E-05,  1.843000E-05,  1.679800E-05,  1.537900E-05
 3.500000E+00,  2.469000E-05,  2.128300E-05,  1.923900E-05,  1.762400E-05,  1.621500E-05
 3.600000E+00,  2.544200E-05,  2.205700E-05,  2.002600E-05,  1.842100E-05,  1.702600E-05
 3.700000E+00,  2.618200E-05,  2.281600E-05,  2.080100E-05,  1.920500E-05,  1.782200E-05
 3.800000E+00,  2.689500E-05,  2.355300E-05,  2.155200E-05,  1.997600E-05,  1.860000E-05
 3.900000E+00,  2.758700E-05,  2.426600E-05,  2.227900E-05,  2.071500E-05,  1.935300E-05
 4.000000E+00,  2.826600E-05,  2.496500E-05,  2.299200E-05,  2.144100E-05,  2.008800E-05
 4.100000E+00,  2.891300E-05,  2.563500E-05,  2.367600E-05,  2.214400E-05,  2.080000E-05
 4.200000E+00,  2.954700E-05,  2.629100E-05,  2.434800E-05,  2.282400E-05,  2.149600E-05
 4.300000E+00,  3.016600E-05,  2.693000E-05,  2.500000E-05,  2.348800E-05,  2.217300E-05
 4.400000E+00,  3.075100E-05,  2.753700E-05,  2.562300E-05,  2.412700E-05,  2.282200E-05
 4.500000E+00,  3.132500E-05,  2.813300E-05,  2.623200E-05,  2.474800E-05,  2.345800E-05
 4.600000E+00,  3.187600E-05,  2.870500E-05,  2.681700E-05,  2.534400E-05,  2.406300E-05
 4.700000E+00,  3.240600E-05,  2.925700E-05,  2.738400E-05,  2.592700E-05,  2.465700E-05
 4.800000E+00,  3.292000E-05,  2.979200E-05,  2.793200E-05,  2.648600E-05,  2.523400E-05
 4.900000E+00,  3.341200E-05,  3.030500E-05,  2.845800E-05,  2.702200E-05,  2.577900E-05
 5.000000E+00,  3.388500E-05,  3.079800E-05,  2.896500E-05,  2.754700E-05,  2.631100E-05
[Vgs, Id(Vbs= 0.000000E+00), Id(Vbs= -1.250000E+00), Id(Vbs= -2.500000E+00), Id(Vbs= -3.750000E+00), Id(Vbs= -5.000000E+00), Vds= 5.500000E+00, Ref_Vs=0]
 0.000000E+00,  1.000000E-13,  1.200000E-13,  1.300000E-13,  1.700000E-13,  2.400000E-13
 1.000000E-01,  1.300000E-13,  1.300000E-13,  1.100000E-13,  1.700000E-13,  2.300000E-13
 2.000000E-01,  1.700000E-13,  1.200000E-13,  1.100000E-13,  1.400000E-13,  2.200000E-13
 3.000000E-01,  6.500000E-13,  1.100000E-13,  1.000000E-13,  1.500000E-13,  2.200000E-13
 4.000000E-01,  6.160000E-12,  9.000000E-14,  1.000000E-13,  1.300000E-13,  2.300000E-13
 5.000000E-01,  7.110000E-11,  1.000000E-13,  1.200000E-13,  1.200000E-13,  2.200000E-13
 6.000000E-01,  9.229400E-10,  1.400000E-13,  1.200000E-13,  1.500000E-13,  2.400000E-13
 7.000000E-01,  1.186000E-08,  2.400000E-13,  1.300000E-13,  1.300000E-13,  2.000000E-13
 8.000000E-01,  1.068000E-07,  3.150000E-12,  1.100000E-13,  1.400000E-13,  2.100000E-13
 9.000000E-01,  5.169400E-07,  7.398000E-11,  1.900000E-13,  1.600000E-13,  1.800000E-13
 1.000000E+00,  1.493800E-06,  1.740300E-09,  1.690000E-12,  1.400000E-13,  2.000000E-13
 1.100000E+00,  3.202500E-06,  3.301400E-08,  4.588000E-11,  2.900000E-13,  1.900000E-13
 1.200000E+00,  5.707100E-06,  2.781000E-07,  1.308300E-09,  4.890000E-12,  2.000000E-13
 1.300000E+00,  9.004100E-06,  1.059600E-06,  2.822200E-08,  1.442900E-10,  1.220000E-12
 1.400000E+00,  1.315600E-05,  2.613800E-06,  2.605400E-07,  4.239700E-09,  3.398000E-11
 1.500000E+00,  1.813800E-05,  5.030700E-06,  1.036900E-06,  7.417300E-08,  1.083800E-09
 1.600000E+00,  2.389500E-05,  8.313800E-06,  2.571200E-06,  4.703700E-07,  2.574700E-08
 1.700000E+00,  3.051700E-05,  1.252400E-05,  4.984200E-06,  1.515000E-06,  2.478500E-07
 1.800000E+00,  3.789300E-05,  1.759100E-05,  8.275800E-06,  3.358900E-06,  9.911300E-07
 1.900000E+00,  4.612800E-05,  2.358400E-05,  1.250300E-05,  6.098100E-06,  2.494100E-06
 2.000000E+00,  5.516500E-05,  3.045700E-05,  1.764300E-05,  9.746700E-06,  4.852600E-06
 2.100000E+00,  6.491400E-05,  3.813200E-05,  2.363200E-05,  1.426900E-05,  8.077900E-06
 2.200000E+00,  7.551900E-05,  4.671800E-05,  3.055500E-05,  1.973300E-05,  1.223300E-05
 2.300000E+00,  8.681300E-05,  5.607600E-05,  3.829600E-05,  2.604300E-05,  1.725500E-05
 2.400000E+00,  9.895100E-05,  6.632000E-05,  4.694900E-05,  3.328300E-05,  2.320700E-05
 2.500000E+00,  1.118600E-04,  7.739300E-05,  5.646200E-05,  4.140400E-05,  3.005500E-05
 2.600000E+00,  1.254200E-04,  8.918100E-05,  6.673500E-05,  5.031600E-05,  3.772400E-05
 2.700000E+00,  1.398200E-04,  1.018500E-04,  7.790900E-05,  6.014600E-05,  4.631700E-05
 2.800000E+00,  1.548300E-04,  1.152100E-04,  8.980500E-05,  7.073100E-05,  5.569100E-05
 2.900000E+00,  1.706700E-04,  1.294200E-04,  1.025900E-04,  8.221400E-05,  6.597700E-05
 3.000000E+00,  1.872300E-04,  1.444000E-04,  1.161700E-04,  9.451000E-05,  7.709200E-05
 3.100000E+00,  2.043300E-04,  1.599800E-04,  1.303900E-04,  1.075000E-04,  8.892700E-05
 3.200000E+00,  2.222300E-04,  1.763900E-04,  1.454600E-04,  1.213500E-04,  1.016300E-04
 3.300000E+00,  2.407800E-04,  1.935100E-04,  1.612600E-04,  1.359600E-04,  1.151300E-04
 3.400000E+00,  2.598300E-04,  2.111700E-04,  1.776600E-04,  1.511800E-04,  1.292700E-04
 3.500000E+00,  2.796400E-04,  2.296200E-04,  1.948800E-04,  1.672400E-04,  1.442500E-04
 3.600000E+00,  2.999000E-04,  2.485800E-04,  2.126200E-04,  1.838700E-04,  1.598300E-04
 3.700000E+00,  3.208800E-04,  2.682900E-04,  2.311500E-04,  2.013000E-04,  1.762300E-04
 3.800000E+00,  3.424300E-04,  2.886000E-04,  2.503100E-04,  2.193900E-04,  1.933100E-04
 3.900000E+00,  3.643500E-04,  3.093400E-04,  2.699300E-04,  2.379700E-04,  2.109100E-04
 4.000000E+00,  3.869200E-04,  3.307600E-04,  2.902600E-04,  2.572700E-04,  2.292400E-04
 4.100000E+00,  4.098200E-04,  3.525500E-04,  3.110000E-04,  2.770200E-04,  2.480600E-04
 4.200000E+00,  4.333600E-04,  3.750200E-04,  3.324300E-04,  2.974800E-04,  2.676000E-04
 4.300000E+00,  4.573900E-04,  3.980000E-04,  3.544100E-04,  3.185100E-04,  2.877200E-04
 4.400000E+00,  4.816200E-04,  4.212300E-04,  3.766600E-04,  3.398500E-04,  3.082000E-04
 4.500000E+00,  5.064400E-04,  4.450800E-04,  3.995700E-04,  3.618500E-04,  3.293400E-04
 4.600000E+00,  5.314600E-04,  4.691600E-04,  4.227300E-04,  3.841500E-04,  3.508100E-04
 4.700000E+00,  5.570100E-04,  4.938100E-04,  4.464900E-04,  4.070500E-04,  3.729000E-04
 4.800000E+00,  5.829000E-04,  5.188200E-04,  4.706300E-04,  4.303700E-04,  3.954200E-04
 4.900000E+00,  6.089300E-04,  5.440000E-04,  4.949700E-04,  4.539100E-04,  4.182000E-04
 5.000000E+00,  6.354400E-04,  5.697000E-04,  5.198600E-04,  4.780100E-04,  4.415400E-04
{id_vd}
[Vds, Id(Vgs= 1.072000E+00), Id(Vgs= 2.053000E+00), Id(Vgs= 3.034000E+00), Id(Vgs= 4.015000E+00), Id(Vgs= 4.996000E+00), Vbs= 0.000000E+00, Ref_Vs=0]
 0.000000E+00,  1.094400E-08,  5.552700E-08,  9.718200E-08,  1.294100E-07,  1.567500E-07
 1.000000E-01,  1.704600E-06,  1.177500E-05,  2.089800E-05,  2.833600E-05,  3.383900E-05
 2.000000E-01,  2.319100E-06,  2.215800E-05,  4.060500E-05,  5.571600E-05,  6.696600E-05
 3.000000E-01,  2.411100E-06,  3.112400E-05,  5.903400E-05,  8.201700E-05,  9.922900E-05
 4.000000E-01,  2.419700E-06,  3.865200E-05,  7.608300E-05,  1.070800E-04,  1.304300E-04
 5.000000E-01,  2.422800E-06,  4.487600E-05,  9.201200E-05,  1.312700E-04,  1.610100E-04
 6.000000E-01,  2.425200E-06,  4.977300E-05,  1.067100E-04,  1.544100E-04,  1.907500E-04
 7.000000E-01,  2.427200E-06,  5.336100E-05,  1.200700E-04,  1.763000E-04,  2.194000E-04
 8.000000E-01,  2.429100E-06,  5.577000E-05,  1.322800E-04,  1.972700E-04,  2.473700E-04
 9.000000E-01,  2.430700E-06,  5.712200E-05,  1.431900E-04,  2.170200E-04,  2.742800E-04
 1.000000E+00,  2.432200E-06,  5.772100E-05,  1.529600E-04,  2.358400E-04,  3.005100E-04
 1.100000E+00,  2.433800E-06,  5.793600E-05,  1.615000E-04,  2.535600E-04,  3.258100E-04
 1.200000E+00,  2.434800E-06,  5.802600E-05,  1.687800E-04,  2.700500E-04,  3.500200E-04
 1.300000E+00,  2.436200E-06,  5.808300E-05,  1.749200E-04,  2.855400E-04,  3.734500E-04
 1.400000E+00,  2.437500E-06,  5.812400E-05,  1.798600E-04,  2.998200E-04,  3.957800E-04
 1.500000E+00,  2.438500E-06,  5.815800E-05,  1.836900E-04,  3.130700E-04,  4.173000E-04
 1.600000E+00,  2.439600E-06,  5.819100E-05,  1.864500E-04,  3.251600E-04,  4.377900E-04
 1.700000E+00,  2.440700E-06,  5.821800E-05,  1.882500E-04,  3.360700E-04,  4.571700E-04
 1.800000E+00,  2.441800E-06,  5.824300E-05,  1.893200E-04,  3.459200E-04,  4.757100E-04
 1.900000E+00,  2.442600E-06,  5.826900E-05,  1.898800E-04,  3.545700E-04,  4.930700E-04
 2.000000E+00,  2.443500E-06,  5.829100E-05,  1.901800E-04,  3.621700E-04,  5.095300E-04
 2.100000E+00,  2.444500E-06,  5.831300E-05,  1.903700E-04,  3.686300E-04,  5.249300E-04
 2.200000E+00,  2.445200E-06,  5.833400E-05,  1.905000E-04,  3.739700E-04,  5.391800E-04
 2.300000E+00,  2.446100E-06,  5.835400E-05,  1.906000E-04,  3.782800E-04,  5.524600E-04
 2.400000E+00,  2.447000E-06,  5.837200E-05,  1.906900E-04,  3.815500E-04,  5.645600E-04
 2.500000E+00,  2.447800E-06,  5.839000E-05,  1.907700E-04,  3.839400E-04,  5.757000E-04
 2.600000E+00,  2.448600E-06,  5.840800E-05,  1.908500E-04,  3.855400E-04,  5.857400E-04
 2.700000E+00,  2.449500E-06,  5.842500E-05,  1.909100E-04,  3.865400E-04,  5.946200E-04
 2.800000E+00,  2.450600E-06,  5.844200E-05,  1.909800E-04,  3.871600E-04,  6.025100E-04
 2.900000E+00,  2.451400E-06,  5.845800E-05,  1.910300E-04,  3.875600E-04,  6.092700E-04
 3.000000E+00,  2.452500E-06,  5.847400E-05,  1.910900E-04,  3.878300E-04,  6.150300E-04
 3.100000E+00,  2.453900E-06,  5.849000E-05,  1.911500E-04,  3.880400E-04,  6.197800E-04
 3.200000E+00,  2.455000E-06,  5.850500E-05,  1.912000E-04,  3.882100E-04,  6.235200E-04
 3.300000E+00,  2.456400E-06,  5.852100E-05,  1.912500E-04,  3.883500E-04,  6.263900E-04
 3.400000E+00,  2.458100E-06,  5.853700E-05,  1.913000E-04,  3.884800E-04,  6.284600E-04
 3.500000E+00,  2.460000E-06,  5.855500E-05,  1.913400E-04,  3.886000E-04,  6.299100E-04
 3.600000E+00,  2.462100E-06,  5.857000E-05,  1.913900E-04,  3.887100E-04,  6.308800E-04
 3.700000E+00,  2.464900E-06,  5.858900E-05,  1.914300E-04,  3.888100E-04,  6.315300E-04
 3.800000E+00,  2.467900E-06,  5.861100E-05,  1.914700E-04,  3.889100E-04,  6.319700E-04
 3.900000E+00,  2.471200E-06,  5.863100E-05,  1.915200E-04,  3.890000E-04,  6.323100E-04
 4.000000E+00,  2.475200E-06,  5.865600E-05,  1.915600E-04,  3.890800E-04,  6.325700E-04
 4.100000E+00,  2.480200E-06,  5.868500E-05,  1.916000E-04,  3.891700E-04,  6.327800E-04
 4.200000E+00,  2.485400E-06,  5.871700E-05,  1.916400E-04,  3.892400E-04,  6.329600E-04
 4.300000E+00,  2.491400E-06,  5.875500E-05,  1.916900E-04,  3.893200E-04,  6.331300E-04
 4.400000E+00,  2.498700E-06,  5.880100E-05,  1.917300E-04,  3.893900E-04,  6.332700E-04
 4.500000E+00,  2.506700E-06,  5.885300E-05,  1.917800E-04,  3.894600E-04,  6.334100E-04
 4.600000E+00,  2.515800E-06,  5.891600E-05,  1.918400E-04,  3.895300E-04,  6.335400E-04
 4.700000E+00,  2.526100E-06,  5.899000E-05,  1.919000E-04,  3.895900E-04,  6.336500E-04
 4.800000E+00,  2.537400E-06,  5.907700E-05,  1.919700E-04,  3.896600E-04,  6.337500E-04
 4.900000E+00,  2.550200E-06,  5.918100E-05,  1.920500E-04,  3.897300E-04,  6.338600E-04
 5.000000E+00,  2.563700E-06,  5.930000E-05,  1.921400E-04,  3.898000E-04,  6.339500E-04
 5.100000E+00,  2.579100E-06,  5.944000E-05,  1.922500E-04,  3.898600E-04,  6.340400E-04
 5.200000E+00,  2.595200E-06,  5.960000E-05,  1.923700E-04,  3.899400E-04,  6.341300E-04
 5.300000E+00,  2.613000E-06,  5.978400E-05,  1.925200E-04,  3.900100E-04,  6.342100E-04
 5.400000E+00,  2.632100E-06,  5.999500E-05,  1.927100E-04,  3.901000E-04,  6.342900E-04
 5.500000E+00,  2.652400E-06,  6.023000E-05,  1.929200E-04,  3.902000E-04,  6.343700E-04
[Vds, Id(Vgs= 1.072000E+00), Id(Vgs= 2.053000E+00), Id(Vgs= 3.034000E+00), Id(Vgs= 4.015000E+00), Id(Vgs= 4.996000E+00), Vbs= -5.000000E+00, Ref_Vs=0]
 0.000000E+00,  1.200000E-13,  1.850800E-08,  7.260700E-08,  1.232800E-07,  1.677100E-07
 1.000000E-01,  1.100000E-13,  2.846600E-06,  1.217500E-05,  2.018200E-05,  2.628200E-05
 2.000000E-01,  1.000000E-13,  4.700700E-06,  2.335800E-05,  3.957700E-05,  5.198200E-05
 3.000000E-01,  1.200000E-13,  5.675300E-06,  3.349400E-05,  5.809100E-05,  7.701400E-05
 4.000000E-01,  1.200000E-13,  6.020100E-06,  4.252100E-05,  7.560100E-05,  1.012000E-04
 5.000000E-01,  9.000000E-14,  6.091700E-06,  5.056100E-05,  9.233700E-05,  1.248500E-04
 6.000000E-01,  1.100000E-13,  6.105200E-06,  5.755000E-05,  1.081600E-04,  1.478000E-04
 7.000000E-01,  9.000000E-14,  6.111400E-06,  6.343700E-05,  1.229300E-04,  1.698300E-04
 8.000000E-01,  1.100000E-13,  6.116000E-06,  6.832800E-05,  1.368400E-04,  1.912400E-04
 9.000000E-01,  9.000000E-14,  6.119600E-06,  7.217600E-05,  1.496900E-04,  2.117100E-04
 1.000000E+00,  1.100000E-13,  6.122700E-06,  7.508700E-05,  1.616600E-04,  2.315600E-04
 1.100000E+00,  1.200000E-13,  6.125600E-06,  7.709900E-05,  1.726300E-04,  2.505500E-04
 1.200000E+00,  1.300000E-13,  6.128500E-06,  7.833300E-05,  1.825100E-04,  2.685600E-04
 1.300000E+00,  9.000000E-14,  6.130800E-06,  7.899800E-05,  1.914600E-04,  2.858300E-04
 1.400000E+00,  1.200000E-13,  6.133400E-06,  7.930900E-05,  1.993400E-04,  3.021000E-04
 1.500000E+00,  1.100000E-13,  6.136100E-06,  7.945600E-05,  2.062700E-04,  3.175700E-04
 1.600000E+00,  1.000000E-13,  6.137900E-06,  7.953900E-05,  2.121700E-04,  3.320900E-04
 1.700000E+00,  9.000000E-14,  6.140000E-06,  7.959700E-05,  2.170700E-04,  3.456000E-04
 1.800000E+00,  1.000000E-13,  6.142100E-06,  7.964200E-05,  2.210600E-04,  3.582700E-04
 1.900000E+00,  1.100000E-13,  6.143700E-06,  7.968100E-05,  2.241200E-04,  3.698800E-04
 2.000000E+00,  1.000000E-13,  6.145700E-06,  7.971800E-05,  2.263900E-04,  3.806100E-04
 2.100000E+00,  1.000000E-13,  6.147700E-06,  7.974700E-05,  2.279400E-04,  3.903500E-04
 2.200000E+00,  1.000000E-13,  6.149600E-06,  7.977700E-05,  2.289200E-04,  3.990600E-04
 2.300000E+00,  9.000000E-14,  6.150900E-06,  7.980500E-05,  2.295100E-04,  4.068500E-04
 2.400000E+00,  1.200000E-13,  6.152800E-06,  7.982900E-05,  2.298600E-04,  4.136100E-04
 2.500000E+00,  1.200000E-13,  6.154800E-06,  7.985500E-05,  2.300700E-04,  4.194700E-04
 2.600000E+00,  1.200000E-13,  6.156400E-06,  7.987900E-05,  2.302300E-04,  4.243800E-04
 2.700000E+00,  1.200000E-13,  6.157900E-06,  7.990200E-05,  2.303500E-04,  4.283700E-04
 2.800000E+00,  1.200000E-13,  6.159700E-06,  7.992400E-05,  2.304500E-04,  4.315400E-04
 2.900000E+00,  1.200000E-13,  6.161300E-06,  7.994600E-05,  2.305300E-04,  4.339200E-04
 3.000000E+00,  1.200000E-13,  6.162900E-06,  7.996700E-05,  2.306100E-04,  4.356600E-04
 3.100000E+00,  1.100000E-13,  6.164600E-06,  7.998700E-05,  2.306800E-04,  4.368500E-04
 3.200000E+00,  1.300000E-13,  6.166600E-06,  8.000700E-05,  2.307500E-04,  4.376300E-04
 3.300000E+00,  1.400000E-13,  6.168100E-06,  8.002700E-05,  2.308200E-04,  4.381400E-04
 3.400000E+00,  1.400000E-13,  6.170000E-06,  8.004500E-05,  2.308800E-04,  4.384900E-04
 3.500000E+00,  1.200000E-13,  6.172300E-06,  8.006400E-05,  2.309300E-04,  4.387500E-04
 3.600000E+00,  1.200000E-13,  6.174100E-06,  8.008400E-05,  2.309900E-04,  4.389500E-04
 3.700000E+00,  1.300000E-13,  6.176700E-06,  8.010100E-05,  2.310400E-04,  4.391100E-04
 3.800000E+00,  1.200000E-13,  6.180000E-06,  8.011900E-05,  2.310900E-04,  4.392500E-04
 3.900000E+00,  1.200000E-13,  6.183600E-06,  8.013800E-05,  2.311400E-04,  4.393700E-04
 4.000000E+00,  1.400000E-13,  6.187300E-06,  8.015500E-05,  2.311900E-04,  4.394900E-04
 4.100000E+00,  1.600000E-13,  6.192200E-06,  8.017500E-05,  2.312300E-04,  4.395900E-04
 4.200000E+00,  1.400000E-13,  6.197900E-06,  8.019600E-05,  2.312800E-04,  4.396900E-04
 4.300000E+00,  1.500000E-13,  6.204500E-06,  8.021700E-05,  2.313200E-04,  4.397800E-04
 4.400000E+00,  1.500000E-13,  6.212400E-06,  8.024300E-05,  2.313700E-04,  4.398700E-04
 4.500000E+00,  1.700000E-13,  6.222000E-06,  8.027100E-05,  2.314100E-04,  4.399500E-04
 4.600000E+00,  1.700000E-13,  6.233000E-06,  8.030100E-05,  2.314500E-04,  4.400300E-04
 4.700000E+00,  1.500000E-13,  6.245900E-06,  8.033700E-05,  2.315000E-04,  4.401000E-04
 4.800000E+00,  1.700000E-13,  6.261400E-06,  8.038100E-05,  2.315400E-04,  4.401700E-04
 4.900000E+00,  1.500000E-13,  6.279700E-06,  8.043000E-05,  2.315800E-04,  4.402400E-04
 5.000000E+00,  1.600000E-13,  6.300100E-06,  8.049000E-05,  2.316300E-04,  4.403200E-04
 5.100000E+00,  1.600000E-13,  6.323800E-06,  8.056000E-05,  2.316900E-04,  4.403800E-04
 5.200000E+00,  2.100000E-13,  6.351100E-06,  8.064300E-05,  2.317400E-04,  4.404400E-04
 5.300000E+00,  1.900000E-13,  6.381100E-06,  8.074400E-05,  2.318000E-04,  4.405100E-04
 5.400000E+00,  1.900000E-13,  6.415500E-06,  8.086600E-05,  2.318800E-04,  4.405600E-04
 5.500000E+00,  2.100000E-13,  6.453300E-06,  8.100800E-05,  2.319600E-04,  4.406300E-04
{Isub_Vg}
[Vgs, Ib(Vds= 2.000000E+00), Ib(Vds= 2.750000E+00), Ib(Vds= 3.500000E+00), Ib(Vds= 4.250000E+00), Ib(Vds= 5.000000E+00), Vbs= 0.000000E+00, Ref_Vs=0]
 0.000000E+00,  -5.460000E-12,  -1.006000E-11,  -2.300000E-12,  -2.996000E-11,  -4.900000E-12
 1.000000E-01,  -1.000000E-11,  -3.660000E-12,  -6.120000E-12,  -6.290000E-12,  -1.770000E-11
 2.000000E-01,  -2.178000E-11,  -3.040000E-12,  -3.180000E-12,  -7.000000E-14,  -9.000000E-13
 3.000000E-01,  -1.574200E-10,  -4.900000E-13,  -1.706000E-11,  -4.990000E-12,  -3.630000E-12
 4.000000E-01,  -4.651300E-10,  -5.620000E-12,  -1.510000E-12,  -1.019000E-11,  -3.195000E-11
 5.000000E-01,  -3.799000E-10,  -3.229000E-11,  -6.700000E-13,  -6.680000E-12,  -3.860000E-12
 6.000000E-01,  -4.429400E-10,  -1.155000E-11,  -3.114000E-11,  -1.576000E-11,  -6.540000E-11
 7.000000E-01,  -7.900000E-12,  -1.093100E-10,  -1.732400E-10,  -3.629000E-10,  -8.462600E-10
 8.000000E-01,  -6.543700E-10,  -6.955700E-10,  -1.047010E-09,  -2.479330E-09,  -6.100480E-09
 9.000000E-01,  -1.823970E-09,  -2.283520E-09,  -3.652100E-09,  -9.244600E-09,  -2.539740E-08
 1.000000E+00,  -2.665980E-09,  -4.090820E-09,  -6.065880E-09,  -2.063870E-08,  -6.349860E-08
 1.100000E+00,  -2.166130E-09,  -2.657580E-09,  -8.024880E-09,  -3.539400E-08,  -1.204980E-07
 1.200000E+00,  -1.575730E-09,  -2.150330E-09,  -9.908750E-09,  -5.192610E-08,  -1.882080E-07
 1.300000E+00,  -1.359840E-09,  -1.906230E-09,  -1.100149E-08,  -6.830290E-08,  -2.627320E-07
 1.400000E+00,  -1.471390E-09,  -2.000900E-09,  -1.294800E-08,  -8.292870E-08,  -3.365470E-07
 1.500000E+00,  -1.771730E-09,  -2.234800E-09,  -1.600490E-08,  -9.453400E-08,  -4.070550E-07
 1.600000E+00,  -2.208090E-09,  -2.524070E-09,  -1.403750E-08,  -1.026021E-07,  -4.666320E-07
 1.700000E+00,  -2.706410E-09,  -2.982910E-09,  -1.383790E-08,  -1.068982E-07,  -5.129770E-07
 1.800000E+00,  -3.233790E-09,  -3.472330E-09,  -1.298480E-08,  -1.076286E-07,  -5.478680E-07
 1.900000E+00,  -3.764160E-09,  -4.015240E-09,  -1.204380E-08,  -1.052468E-07,  -5.674850E-07
 2.000000E+00,  -4.333590E-09,  -4.455030E-09,  -1.098400E-08,  -1.001277E-07,  -5.733240E-07
 2.100000E+00,  -4.975360E-09,  -5.016130E-09,  -1.005720E-08,  -9.316810E-08,  -5.665120E-07
 2.200000E+00,  -5.479540E-09,  -5.083450E-09,  -9.058200E-09,  -8.465190E-08,  -5.489510E-07
 2.300000E+00,  -6.081740E-09,  -6.117130E-09,  -8.482700E-09,  -7.564200E-08,  -5.225910E-07
 2.400000E+00,  -6.626170E-09,  -6.759250E-09,  -7.838600E-09,  -6.596250E-08,  -4.890790E-07
 2.500000E+00,  -7.173070E-09,  -7.148940E-09,  -7.754200E-09,  -5.673340E-08,  -4.503050E-07
 2.600000E+00,  -7.086200E-09,  -6.869200E-09,  -7.690800E-09,  -4.770840E-08,  -4.089030E-07
 2.700000E+00,  -7.381100E-09,  -7.477500E-09,  -7.794200E-09,  -3.971490E-08,  -3.658490E-07
 2.800000E+00,  -8.012600E-09,  -7.971900E-09,  -8.212300E-09,  -3.263200E-08,  -3.230740E-07
 2.900000E+00,  -8.237400E-09,  -8.335800E-09,  -8.359300E-09,  -2.687250E-08,  -2.811720E-07
 3.000000E+00,  -8.974500E-09,  -8.657000E-09,  -8.984500E-09,  -2.217630E-08,  -2.414120E-07
 3.100000E+00,  -9.206900E-09,  -9.392300E-09,  -9.361200E-09,  -1.875460E-08,  -2.044320E-07
 3.200000E+00,  -9.928900E-09,  -9.826500E-09,  -9.796800E-09,  -1.600490E-08,  -1.706140E-07
 3.300000E+00,  -1.016310E-08,  -1.021190E-08,  -1.024260E-08,  -1.433780E-08,  -1.405490E-07
 3.400000E+00,  -1.080750E-08,  -1.074670E-08,  -1.081950E-08,  -1.337550E-08,  -1.141060E-07
 3.500000E+00,  -1.106320E-08,  -1.138600E-08,  -1.102140E-08,  -1.265670E-08,  -9.142690E-08
 3.600000E+00,  -1.169000E-08,  -1.184550E-08,  -1.163260E-08,  -1.244050E-08,  -7.248120E-08
 3.700000E+00,  -1.195290E-08,  -1.216110E-08,  -1.225960E-08,  -1.282570E-08,  -5.737010E-08
 3.800000E+00,  -1.122700E-08,  -1.290600E-08,  -1.263370E-08,  -1.524290E-08,  -4.513410E-08
 3.900000E+00,  -1.282930E-08,  -1.310020E-08,  -1.332040E-08,  -1.328150E-08,  -3.596720E-08
 4.000000E+00,  -1.348720E-08,  -1.352390E-08,  -1.373680E-08,  -1.376250E-08,  -2.909090E-08
 4.100000E+00,  -1.366720E-08,  -1.425430E-08,  -1.428390E-08,  -1.429720E-08,  -2.418550E-08
 4.200000E+00,  -1.421050E-08,  -1.474600E-08,  -1.490710E-08,  -1.458670E-08,  -2.105000E-08
 4.300000E+00,  -1.440350E-08,  -1.528480E-08,  -1.518970E-08,  -1.515500E-08,  -1.908870E-08
 4.400000E+00,  -1.490700E-08,  -1.550820E-08,  -1.575250E-08,  -1.553650E-08,  -1.804130E-08
 4.500000E+00,  -1.503060E-08,  -1.624210E-08,  -1.609510E-08,  -1.628650E-08,  -1.761970E-08
 4.600000E+00,  -1.561080E-08,  -1.637040E-08,  -1.662980E-08,  -1.699450E-08,  -1.749060E-08
 4.700000E+00,  -1.600610E-08,  -1.687330E-08,  -1.718670E-08,  -1.726340E-08,  -1.758550E-08
 4.800000E+00,  -1.633260E-08,  -1.745780E-08,  -1.777660E-08,  -1.784100E-08,  -1.812240E-08
 4.900000E+00,  -1.674170E-08,  -1.792960E-08,  -1.838300E-08,  -1.841830E-08,  -1.828830E-08
 5.000000E+00,  -1.693480E-08,  -1.822070E-08,  -1.859580E-08,  -1.895330E-08,  -1.887140E-08
[Vgs, Id(Vds= 2.000000E+00), Id(Vds= 2.750000E+00), Id(Vds= 3.500000E+00), Id(Vds= 4.250000E+00), Id(Vds= 5.000000E+00), Vbs= 0.000000E+00, Ref_Vs=0]
 0.000000E+00,  1.100000E-13,  1.000000E-13,  1.000000E-13,  1.200000E-13,  1.100000E-13
 1.000000E-01,  1.000000E-13,  1.000000E-13,  1.300000E-13,  1.200000E-13,  1.100000E-13
 2.000000E-01,  1.500000E-13,  1.600000E-13,  1.800000E-13,  1.600000E-13,  1.700000E-13
 3.000000E-01,  6.400000E-13,  5.900000E-13,  5.800000E-13,  6.100000E-13,  6.400000E-13
 4.000000E-01,  5.820000E-12,  5.730000E-12,  5.810000E-12,  5.900000E-12,  6.220000E-12
 5.000000E-01,  6.791000E-11,  6.790000E-11,  6.868000E-11,  6.998000E-11,  7.326000E-11
 6.000000E-01,  8.796300E-10,  8.832700E-10,  8.902000E-10,  9.072200E-10,  9.460500E-10
 7.000000E-01,  1.114650E-08,  1.120850E-08,  1.127880E-08,  1.148390E-08,  1.192890E-08
 8.000000E-01,  9.854780E-08,  9.882640E-08,  9.930870E-08,  1.009593E-07,  1.047554E-07
 9.000000E-01,  4.738230E-07,  4.745290E-07,  4.766780E-07,  4.829090E-07,  4.998480E-07
 1.000000E+00,  1.371920E-06,  1.375540E-06,  1.381470E-06,  1.398080E-06,  1.443060E-06
 1.100000E+00,  2.957060E-06,  2.964530E-06,  2.976180E-06,  3.008240E-06,  3.097130E-06
 1.200000E+00,  5.300960E-06,  5.314600E-06,  5.333140E-06,  5.383540E-06,  5.528500E-06
 1.300000E+00,  8.412530E-06,  8.433520E-06,  8.461220E-06,  8.530570E-06,  8.738380E-06
 1.400000E+00,  1.236200E-05,  1.239200E-05,  1.242610E-05,  1.251790E-05,  1.279240E-05
 1.500000E+00,  1.713600E-05,  1.717710E-05,  1.722020E-05,  1.733120E-05,  1.767070E-05
 1.600000E+00,  2.268930E-05,  2.274380E-05,  2.279710E-05,  2.292540E-05,  2.332460E-05
 1.700000E+00,  2.911430E-05,  2.918530E-05,  2.924970E-05,  2.939270E-05,  2.984580E-05
 1.800000E+00,  3.631290E-05,  3.640040E-05,  3.647770E-05,  3.663500E-05,  3.713110E-05
 1.900000E+00,  4.438680E-05,  4.449620E-05,  4.458740E-05,  4.475530E-05,  4.528530E-05
 2.000000E+00,  5.328370E-05,  5.341390E-05,  5.352200E-05,  5.369950E-05,  5.425500E-05
 2.100000E+00,  6.291300E-05,  6.306720E-05,  6.319560E-05,  6.338350E-05,  6.394890E-05
 2.200000E+00,  7.342160E-05,  7.360650E-05,  7.374940E-05,  7.394530E-05,  7.451780E-05
 2.300000E+00,  8.463670E-05,  8.485170E-05,  8.501630E-05,  8.522490E-05,  8.579600E-05
 2.400000E+00,  9.670480E-05,  9.695710E-05,  9.714820E-05,  9.736930E-05,  9.792770E-05
 2.500000E+00,  1.095620E-04,  1.098540E-04,  1.100672E-04,  1.102990E-04,  1.108456E-04
 2.600000E+00,  1.230620E-04,  1.234040E-04,  1.236490E-04,  1.238910E-04,  1.244280E-04
 2.700000E+00,  1.374030E-04,  1.378050E-04,  1.380790E-04,  1.383390E-04,  1.388580E-04
 2.800000E+00,  1.523560E-04,  1.528250E-04,  1.531320E-04,  1.534070E-04,  1.539110E-04
 2.900000E+00,  1.681120E-04,  1.686730E-04,  1.690180E-04,  1.693110E-04,  1.697970E-04
 3.000000E+00,  1.845280E-04,  1.852250E-04,  1.856100E-04,  1.859300E-04,  1.863980E-04
 3.100000E+00,  2.014080E-04,  2.023330E-04,  2.027530E-04,  2.030960E-04,  2.035550E-04
 3.200000E+00,  2.189060E-04,  2.202080E-04,  2.206810E-04,  2.210490E-04,  2.215010E-04
 3.300000E+00,  2.367420E-04,  2.387320E-04,  2.392640E-04,  2.396590E-04,  2.401030E-04
 3.400000E+00,  2.546100E-04,  2.577380E-04,  2.583270E-04,  2.587530E-04,  2.591930E-04
 3.500000E+00,  2.726250E-04,  2.774890E-04,  2.781490E-04,  2.786100E-04,  2.790490E-04
 3.600000E+00,  2.903960E-04,  2.976490E-04,  2.984010E-04,  2.988950E-04,  2.993460E-04
 3.700000E+00,  3.081280E-04,  3.185050E-04,  3.193740E-04,  3.199080E-04,  3.203650E-04
 3.800000E+00,  3.256300E-04,  3.398630E-04,  3.408930E-04,  3.414660E-04,  3.419410E-04
 3.900000E+00,  3.427410E-04,  3.615060E-04,  3.627730E-04,  3.633920E-04,  3.638820E-04
 4.000000E+00,  3.596700E-04,  3.836470E-04,  3.852840E-04,  3.859570E-04,  3.864640E-04
 4.100000E+00,  3.761930E-04,  4.059010E-04,  4.081250E-04,  4.088530E-04,  4.093930E-04
 4.200000E+00,  3.925120E-04,  4.284190E-04,  4.315870E-04,  4.323870E-04,  4.329460E-04
 4.300000E+00,  4.085040E-04,  4.509190E-04,  4.555070E-04,  4.563830E-04,  4.569770E-04
 4.400000E+00,  4.240160E-04,  4.730590E-04,  4.796100E-04,  4.805840E-04,  4.812040E-04
 4.500000E+00,  4.392950E-04,  4.951310E-04,  5.042690E-04,  5.053860E-04,  5.060290E-04
 4.600000E+00,  4.541000E-04,  5.167090E-04,  5.290710E-04,  5.303460E-04,  5.310370E-04
 4.700000E+00,  4.686460E-04,  5.380710E-04,  5.543450E-04,  5.558460E-04,  5.565780E-04
 4.800000E+00,  4.828110E-04,  5.590270E-04,  5.798210E-04,  5.816680E-04,  5.824630E-04
 4.900000E+00,  4.965020E-04,  5.794100E-04,  6.052410E-04,  6.076220E-04,  6.084820E-04
 5.000000E+00,  5.099110E-04,  5.994950E-04,  6.308960E-04,  6.340550E-04,  6.349740E-04
