ObjInfo{}
Version{2.0}
ModelType{DC}
DataType{NMOS}
Delimitor{,}
Workingmode{FORWARD}
Instance{L= 1.000000E+01, W= 1.400000E+00, T= 2.500000E+01}
Input{Vgs, Vbs, Vds}
Output{Id}
{Id_Vg}
[Vgs, Id(Vbs= 0.000000E+00), Id(Vbs= -1.250000E+00), Id(Vbs= -2.500000E+00), Id(Vbs= -3.750000E+00), Id(Vbs= -5.000000E+00), Vds= 1.000000E-01, Ref_Vs=0]
 0.000000E+00,  7.000000E-14,  9.000000E-14,  1.100000E-13,  1.000000E-13,  1.100000E-13
 1.000000E-01,  9.000000E-14,  1.000000E-13,  1.000000E-13,  9.000000E-14,  1.000000E-13
 2.000000E-01,  9.000000E-14,  7.000000E-14,  9.000000E-14,  1.000000E-13,  1.000000E-13
 3.000000E-01,  1.000000E-13,  8.000000E-14,  1.000000E-13,  1.100000E-13,  8.000000E-14
 4.000000E-01,  2.700000E-13,  1.000000E-13,  9.000000E-14,  1.000000E-13,  8.000000E-14
 5.000000E-01,  2.270000E-12,  9.000000E-14,  9.000000E-14,  1.000000E-13,  9.000000E-14
 6.000000E-01,  2.757000E-11,  9.000000E-14,  8.000000E-14,  1.000000E-13,  6.000000E-14
 7.000000E-01,  3.540100E-10,  9.000000E-14,  9.000000E-14,  1.000000E-13,  1.000000E-13
 8.000000E-01,  3.746100E-09,  1.500000E-13,  9.000000E-14,  8.000000E-14,  8.000000E-14
 9.000000E-01,  2.273100E-08,  1.100000E-12,  8.000000E-14,  7.000000E-14,  8.000000E-14
 1.000000E+00,  7.302100E-08,  2.412000E-11,  1.200000E-13,  9.000000E-14,  8.000000E-14
 1.100000E+00,  1.542600E-07,  5.373200E-10,  4.700000E-13,  1.000000E-13,  8.000000E-14
 1.200000E+00,  2.540400E-07,  7.127900E-09,  1.024000E-11,  1.000000E-13,  8.000000E-14
 1.300000E+00,  3.622300E-07,  3.714000E-08,  2.681400E-10,  7.600000E-13,  8.000000E-14
 1.400000E+00,  4.757900E-07,  9.958500E-08,  4.553200E-09,  2.083000E-11,  1.800000E-13
 1.500000E+00,  5.913100E-07,  1.854100E-07,  2.864400E-08,  5.676200E-10,  3.280000E-12
 1.600000E+00,  7.069500E-07,  2.840800E-07,  8.283500E-08,  7.645200E-09,  9.713000E-11
 1.700000E+00,  8.238700E-07,  3.907000E-07,  1.606900E-07,  3.804900E-08,  2.162300E-09
 1.800000E+00,  9.396800E-07,  4.999200E-07,  2.524000E-07,  9.628600E-08,  1.761800E-08
 1.900000E+00,  1.056100E-06,  6.115700E-07,  3.535500E-07,  1.745600E-07,  6.030000E-08
 2.000000E+00,  1.172400E-06,  7.239000E-07,  4.597100E-07,  2.652600E-07,  1.266700E-07
 2.100000E+00,  1.286700E-06,  8.352700E-07,  5.675100E-07,  3.631300E-07,  2.074700E-07
 2.200000E+00,  1.401200E-06,  9.473900E-07,  6.770700E-07,  4.667700E-07,  2.986900E-07
 2.300000E+00,  1.514100E-06,  1.058400E-06,  7.861400E-07,  5.724500E-07,  3.958700E-07
 2.400000E+00,  1.626800E-06,  1.169500E-06,  8.958800E-07,  6.799500E-07,  4.979300E-07
 2.500000E+00,  1.738500E-06,  1.279800E-06,  1.005100E-06,  7.879700E-07,  6.027300E-07
 2.600000E+00,  1.848300E-06,  1.388500E-06,  1.113000E-06,  8.951500E-07,  7.080600E-07
 2.700000E+00,  1.958000E-06,  1.497000E-06,  1.221300E-06,  1.002400E-06,  8.144100E-07
 2.800000E+00,  2.065400E-06,  1.603700E-06,  1.327500E-06,  1.108400E-06,  9.198400E-07
 2.900000E+00,  2.172600E-06,  1.710100E-06,  1.433500E-06,  1.214700E-06,  1.025700E-06
 3.000000E+00,  2.278500E-06,  1.815300E-06,  1.538600E-06,  1.319600E-06,  1.130500E-06
 3.100000E+00,  2.381800E-06,  1.918300E-06,  1.641600E-06,  1.422700E-06,  1.233900E-06
 3.200000E+00,  2.484600E-06,  2.020800E-06,  1.744000E-06,  1.525400E-06,  1.336900E-06
 3.300000E+00,  2.586000E-06,  2.121800E-06,  1.845200E-06,  1.626800E-06,  1.438600E-06
 3.400000E+00,  2.684700E-06,  2.220500E-06,  1.944100E-06,  1.726000E-06,  1.538200E-06
 3.500000E+00,  2.782800E-06,  2.318400E-06,  2.042300E-06,  1.824700E-06,  1.637300E-06
 3.600000E+00,  2.878700E-06,  2.413900E-06,  2.138200E-06,  1.920900E-06,  1.734300E-06
 3.700000E+00,  2.973000E-06,  2.508300E-06,  2.233200E-06,  2.016300E-06,  1.830100E-06
 3.800000E+00,  3.065700E-06,  2.601100E-06,  2.326400E-06,  2.110000E-06,  1.924500E-06
 3.900000E+00,  3.156300E-06,  2.691500E-06,  2.417200E-06,  2.201600E-06,  2.016700E-06
 4.000000E+00,  3.244700E-06,  2.780200E-06,  2.506900E-06,  2.291600E-06,  2.107200E-06
 4.100000E+00,  3.331100E-06,  2.866800E-06,  2.593800E-06,  2.379400E-06,  2.195800E-06
 4.200000E+00,  3.416300E-06,  2.952200E-06,  2.679700E-06,  2.466100E-06,  2.283200E-06
 4.300000E+00,  3.498800E-06,  3.035300E-06,  2.763900E-06,  2.550700E-06,  2.368500E-06
 4.400000E+00,  3.579200E-06,  3.116100E-06,  2.844900E-06,  2.632900E-06,  2.451400E-06
 4.500000E+00,  3.658400E-06,  3.195700E-06,  2.925000E-06,  2.713900E-06,  2.533300E-06
 4.600000E+00,  3.734100E-06,  3.272300E-06,  3.002600E-06,  2.791800E-06,  2.612100E-06
 4.700000E+00,  3.808700E-06,  3.347600E-06,  3.078400E-06,  2.868700E-06,  2.689700E-06
 4.800000E+00,  3.881800E-06,  3.421400E-06,  3.152500E-06,  2.943800E-06,  2.765800E-06
 4.900000E+00,  3.951200E-06,  3.492000E-06,  3.224300E-06,  3.015800E-06,  2.838600E-06
 5.000000E+00,  4.019600E-06,  3.561400E-06,  3.294100E-06,  3.086600E-06,  2.910400E-06
[Vgs, Id(Vbs= 0.000000E+00), Id(Vbs= -1.250000E+00), Id(Vbs= -2.500000E+00), Id(Vbs= -3.750000E+00), Id(Vbs= -5.000000E+00), Vds= 5.500000E+00, Ref_Vs=0]
 0.000000E+00,  1.100000E-13,  2.000000E-13,  1.700000E-13,  2.000000E-13,  2.700000E-13
 1.000000E-01,  1.100000E-13,  1.200000E-13,  1.300000E-13,  1.600000E-13,  2.300000E-13
 2.000000E-01,  1.100000E-13,  1.300000E-13,  1.500000E-13,  1.600000E-13,  2.100000E-13
 3.000000E-01,  1.300000E-13,  1.100000E-13,  1.300000E-13,  1.500000E-13,  2.200000E-13
 4.000000E-01,  3.600000E-13,  9.000000E-14,  1.200000E-13,  1.500000E-13,  2.200000E-13
 5.000000E-01,  2.840000E-12,  1.100000E-13,  1.400000E-13,  1.300000E-13,  2.000000E-13
 6.000000E-01,  3.286000E-11,  1.300000E-13,  1.200000E-13,  1.500000E-13,  1.900000E-13
 7.000000E-01,  4.160100E-10,  1.100000E-13,  1.100000E-13,  1.300000E-13,  1.900000E-13
 8.000000E-01,  4.396000E-09,  1.500000E-13,  1.200000E-13,  1.500000E-13,  1.900000E-13
 9.000000E-01,  2.729000E-08,  1.320000E-12,  1.000000E-13,  1.000000E-13,  1.700000E-13
 1.000000E+00,  9.510300E-08,  2.805000E-11,  1.400000E-13,  1.300000E-13,  2.000000E-13
 1.100000E+00,  2.311200E-07,  6.201600E-10,  5.000000E-13,  1.300000E-13,  1.900000E-13
 1.200000E+00,  4.476300E-07,  8.300800E-09,  1.179000E-11,  1.600000E-13,  2.000000E-13
 1.300000E+00,  7.476300E-07,  4.627700E-08,  3.064900E-10,  9.100000E-13,  1.900000E-13
 1.400000E+00,  1.138200E-06,  1.440100E-07,  5.234400E-09,  2.381000E-11,  2.900000E-13
 1.500000E+00,  1.618600E-06,  3.208800E-07,  3.504900E-08,  6.446700E-10,  3.820000E-12
 1.600000E+00,  2.183200E-06,  5.849400E-07,  1.177100E-07,  8.815400E-09,  1.101200E-10
 1.700000E+00,  2.841500E-06,  9.452800E-07,  2.748000E-07,  4.806100E-08,  2.452300E-09
 1.800000E+00,  3.583000E-06,  1.398100E-06,  5.158300E-07,  1.439900E-07,  2.092300E-08
 1.900000E+00,  4.418300E-06,  1.949700E-06,  8.511200E-07,  3.151400E-07,  8.226100E-08
 2.000000E+00,  5.342200E-06,  2.596500E-06,  1.282600E-06,  5.713500E-07,  2.080500E-07
 2.100000E+00,  6.345600E-06,  3.331700E-06,  1.806000E-06,  9.157700E-07,  4.095400E-07
 2.200000E+00,  7.444000E-06,  4.166000E-06,  2.429500E-06,  1.357400E-06,  6.977400E-07
 2.300000E+00,  8.620500E-06,  5.085600E-06,  3.142700E-06,  1.890300E-06,  1.073400E-06
 2.400000E+00,  9.891200E-06,  6.103400E-06,  3.954800E-06,  2.522500E-06,  1.544800E-06
 2.500000E+00,  1.124900E-05,  7.213200E-06,  4.861500E-06,  3.250300E-06,  2.111100E-06
 2.600000E+00,  1.268200E-05,  8.404100E-06,  5.852900E-06,  4.066300E-06,  2.767400E-06
 2.700000E+00,  1.421100E-05,  9.694000E-06,  6.943600E-06,  4.981700E-06,  3.523400E-06
 2.800000E+00,  1.581200E-05,  1.106200E-05,  8.116700E-06,  5.982100E-06,  4.366200E-06
 2.900000E+00,  1.751000E-05,  1.252900E-05,  9.388500E-06,  7.081700E-06,  5.308400E-06
 3.000000E+00,  1.929200E-05,  1.408300E-05,  1.075000E-05,  8.272000E-06,  6.342900E-06
 3.100000E+00,  2.114100E-05,  1.571100E-05,  1.218800E-05,  9.542400E-06,  7.459300E-06
 3.200000E+00,  2.308400E-05,  1.743400E-05,  1.372300E-05,  1.091000E-05,  8.673000E-06
 3.300000E+00,  2.510700E-05,  1.924100E-05,  1.534500E-05,  1.236500E-05,  9.975900E-06
 3.400000E+00,  2.719200E-05,  2.111500E-05,  1.703700E-05,  1.389400E-05,  1.135500E-05
 3.500000E+00,  2.937100E-05,  2.308500E-05,  1.882600E-05,  1.551900E-05,  1.283200E-05
 3.600000E+00,  3.160700E-05,  2.511700E-05,  2.068200E-05,  1.721500E-05,  1.438000E-05
 3.700000E+00,  3.393300E-05,  2.724200E-05,  2.263100E-05,  1.900400E-05,  1.602300E-05
 3.800000E+00,  3.633100E-05,  2.944100E-05,  2.465800E-05,  2.087300E-05,  1.774700E-05
 3.900000E+00,  3.878200E-05,  3.169800E-05,  2.674500E-05,  2.280700E-05,  1.953700E-05
 4.000000E+00,  4.131300E-05,  3.403800E-05,  2.891800E-05,  2.482700E-05,  2.141500E-05
 4.100000E+00,  4.389400E-05,  3.643300E-05,  3.114800E-05,  2.690700E-05,  2.335600E-05
 4.200000E+00,  4.655600E-05,  3.891200E-05,  3.346400E-05,  2.907500E-05,  2.538500E-05
 4.300000E+00,  4.928400E-05,  4.145900E-05,  3.585000E-05,  3.131400E-05,  2.748900E-05
 4.400000E+00,  5.204400E-05,  4.404500E-05,  3.827800E-05,  3.360000E-05,  2.964100E-05
 4.500000E+00,  5.488400E-05,  4.671100E-05,  4.078900E-05,  3.596900E-05,  3.187800E-05
 4.600000E+00,  5.775600E-05,  4.941400E-05,  4.334100E-05,  3.838200E-05,  3.416000E-05
 4.700000E+00,  6.070200E-05,  5.219300E-05,  4.597000E-05,  4.087300E-05,  3.652300E-05
 4.800000E+00,  6.369700E-05,  5.502600E-05,  4.865300E-05,  4.342100E-05,  3.894500E-05
 4.900000E+00,  6.671900E-05,  5.788900E-05,  5.137100E-05,  4.600700E-05,  4.140600E-05
 5.000000E+00,  6.980500E-05,  6.082200E-05,  5.416100E-05,  4.866600E-05,  4.394300E-05
{id_vd}
[Vds, Id(Vgs= 1.141000E+00), Id(Vgs= 2.105000E+00), Id(Vgs= 3.069000E+00), Id(Vgs= 4.033000E+00), Id(Vgs= 4.997000E+00), Vbs= 0.000000E+00, Ref_Vs=0]
 0.000000E+00,  1.143900E-09,  5.593200E-09,  1.074600E-08,  1.479700E-08,  1.830900E-08
 1.000000E-01,  1.934500E-07,  1.291700E-06,  2.348400E-06,  3.270900E-06,  4.014700E-06
 2.000000E-01,  2.666200E-07,  2.420600E-06,  4.546600E-06,  6.410900E-06,  7.922300E-06
 3.000000E-01,  2.789200E-07,  3.385800E-06,  6.587000E-06,  9.407700E-06,  1.170600E-05
 4.000000E-01,  2.799800E-07,  4.186800E-06,  8.461500E-06,  1.224500E-05,  1.534200E-05
 5.000000E-01,  2.803500E-07,  4.839900E-06,  1.019900E-05,  1.496500E-05,  1.888600E-05
 6.000000E-01,  2.805700E-07,  5.344400E-06,  1.179000E-05,  1.755100E-05,  2.231500E-05
 7.000000E-01,  2.807800E-07,  5.704900E-06,  1.322100E-05,  1.998200E-05,  2.559600E-05
 8.000000E-01,  2.809800E-07,  5.938200E-06,  1.451900E-05,  2.229500E-05,  2.878400E-05
 9.000000E-01,  2.811300E-07,  6.062500E-06,  1.566500E-05,  2.446000E-05,  3.183100E-05
 1.000000E+00,  2.813100E-07,  6.115000E-06,  1.668000E-05,  2.650800E-05,  3.478700E-05
 1.100000E+00,  2.814200E-07,  6.133900E-06,  1.755400E-05,  2.842300E-05,  3.762000E-05
 1.200000E+00,  2.815500E-07,  6.142100E-06,  1.828700E-05,  3.019000E-05,  4.031500E-05
 1.300000E+00,  2.816200E-07,  6.147200E-06,  1.889000E-05,  3.183700E-05,  4.290900E-05
 1.400000E+00,  2.817300E-07,  6.151100E-06,  1.936100E-05,  3.334200E-05,  4.536500E-05
 1.500000E+00,  2.818900E-07,  6.154400E-06,  1.971300E-05,  3.472500E-05,  4.771800E-05
 1.600000E+00,  2.819600E-07,  6.157400E-06,  1.995400E-05,  3.597300E-05,  4.994300E-05
 1.700000E+00,  2.820600E-07,  6.160300E-06,  2.010200E-05,  3.708400E-05,  5.203300E-05
 1.800000E+00,  2.821600E-07,  6.162500E-06,  2.018400E-05,  3.807400E-05,  5.401800E-05
 1.900000E+00,  2.822500E-07,  6.164800E-06,  2.022700E-05,  3.892800E-05,  5.586300E-05
 2.000000E+00,  2.823400E-07,  6.167200E-06,  2.025200E-05,  3.966200E-05,  5.759600E-05
 2.100000E+00,  2.824300E-07,  6.169100E-06,  2.026800E-05,  4.027100E-05,  5.920500E-05
 2.200000E+00,  2.825400E-07,  6.171100E-06,  2.028000E-05,  4.075700E-05,  6.067900E-05
 2.300000E+00,  2.826200E-07,  6.172900E-06,  2.029000E-05,  4.113400E-05,  6.203800E-05
 2.400000E+00,  2.826900E-07,  6.174800E-06,  2.029800E-05,  4.140500E-05,  6.326200E-05
 2.500000E+00,  2.828100E-07,  6.176500E-06,  2.030700E-05,  4.159200E-05,  6.437200E-05
 2.600000E+00,  2.828600E-07,  6.178400E-06,  2.031400E-05,  4.171000E-05,  6.535600E-05
 2.700000E+00,  2.829500E-07,  6.180100E-06,  2.032000E-05,  4.178200E-05,  6.621300E-05
 2.800000E+00,  2.830500E-07,  6.181600E-06,  2.032700E-05,  4.182800E-05,  6.695400E-05
 2.900000E+00,  2.831400E-07,  6.183100E-06,  2.033300E-05,  4.185900E-05,  6.757200E-05
 3.000000E+00,  2.832700E-07,  6.184600E-06,  2.033800E-05,  4.188300E-05,  6.808200E-05
 3.100000E+00,  2.834400E-07,  6.186100E-06,  2.034400E-05,  4.190300E-05,  6.848400E-05
 3.200000E+00,  2.835800E-07,  6.187600E-06,  2.034900E-05,  4.191900E-05,  6.878500E-05
 3.300000E+00,  2.837400E-07,  6.189000E-06,  2.035400E-05,  4.193500E-05,  6.900400E-05
 3.400000E+00,  2.839500E-07,  6.190900E-06,  2.035900E-05,  4.194800E-05,  6.915500E-05
 3.500000E+00,  2.841900E-07,  6.192300E-06,  2.036400E-05,  4.196100E-05,  6.925700E-05
 3.600000E+00,  2.844500E-07,  6.194100E-06,  2.036800E-05,  4.197300E-05,  6.932700E-05
 3.700000E+00,  2.847700E-07,  6.196200E-06,  2.037300E-05,  4.198500E-05,  6.937600E-05
 3.800000E+00,  2.851800E-07,  6.198300E-06,  2.037700E-05,  4.199500E-05,  6.941300E-05
 3.900000E+00,  2.856000E-07,  6.200800E-06,  2.038200E-05,  4.200600E-05,  6.944400E-05
 4.000000E+00,  2.861400E-07,  6.203600E-06,  2.038600E-05,  4.201600E-05,  6.946900E-05
 4.100000E+00,  2.867700E-07,  6.206900E-06,  2.039100E-05,  4.202500E-05,  6.949300E-05
 4.200000E+00,  2.875000E-07,  6.210800E-06,  2.039500E-05,  4.203400E-05,  6.951300E-05
 4.300000E+00,  2.883300E-07,  6.215400E-06,  2.040000E-05,  4.204200E-05,  6.953400E-05
 4.400000E+00,  2.892700E-07,  6.221100E-06,  2.040500E-05,  4.205100E-05,  6.955100E-05
 4.500000E+00,  2.903500E-07,  6.227400E-06,  2.041100E-05,  4.205900E-05,  6.956700E-05
 4.600000E+00,  2.915700E-07,  6.235300E-06,  2.041700E-05,  4.206600E-05,  6.958500E-05
 4.700000E+00,  2.929500E-07,  6.244600E-06,  2.042500E-05,  4.207500E-05,  6.959900E-05
 4.800000E+00,  2.944800E-07,  6.255500E-06,  2.043300E-05,  4.208300E-05,  6.961300E-05
 4.900000E+00,  2.961200E-07,  6.268600E-06,  2.044300E-05,  4.209100E-05,  6.962700E-05
 5.000000E+00,  2.979700E-07,  6.283600E-06,  2.045500E-05,  4.210000E-05,  6.964000E-05
 5.100000E+00,  3.000000E-07,  6.301300E-06,  2.046900E-05,  4.210900E-05,  6.965300E-05
 5.200000E+00,  3.021200E-07,  6.321200E-06,  2.048600E-05,  4.211800E-05,  6.966500E-05
 5.300000E+00,  3.044700E-07,  6.344300E-06,  2.050600E-05,  4.212900E-05,  6.967800E-05
 5.400000E+00,  3.070000E-07,  6.370800E-06,  2.053100E-05,  4.214100E-05,  6.968900E-05
 5.500000E+00,  3.096300E-07,  6.399900E-06,  2.055900E-05,  4.215500E-05,  6.970200E-05
[Vds, Id(Vgs= 1.141000E+00), Id(Vgs= 2.105000E+00), Id(Vgs= 3.069000E+00), Id(Vgs= 4.033000E+00), Id(Vgs= 4.997000E+00), Vbs= -5.000000E+00, Ref_Vs=0]
 0.000000E+00,  1.000000E-13,  3.384100E-09,  1.868500E-08,  3.550800E-08,  5.143400E-08
 1.000000E-01,  1.100000E-13,  2.120000E-07,  1.201400E-06,  2.135300E-06,  2.907000E-06
 2.000000E-01,  1.200000E-13,  3.323700E-07,  2.276800E-06,  4.149500E-06,  5.701000E-06
 3.000000E-01,  9.000000E-14,  3.830300E-07,  3.233600E-06,  6.056800E-06,  8.406600E-06
 4.000000E-01,  1.000000E-13,  3.956400E-07,  4.066800E-06,  7.844300E-06,  1.100400E-05
 5.000000E-01,  1.100000E-13,  3.976800E-07,  4.788600E-06,  9.536900E-06,  1.353000E-05
 6.000000E-01,  1.000000E-13,  3.981700E-07,  5.394200E-06,  1.112100E-05,  1.596500E-05
 7.000000E-01,  1.100000E-13,  3.984900E-07,  5.882200E-06,  1.258200E-05,  1.828600E-05
 8.000000E-01,  1.100000E-13,  3.986900E-07,  6.265100E-06,  1.394100E-05,  2.052600E-05
 9.000000E-01,  8.000000E-14,  3.988700E-07,  6.544300E-06,  1.517800E-05,  2.265300E-05
 1.000000E+00,  9.000000E-14,  3.990800E-07,  6.735900E-06,  1.631200E-05,  2.469700E-05
 1.100000E+00,  1.100000E-13,  3.992100E-07,  6.852900E-06,  1.733200E-05,  2.663900E-05
 1.200000E+00,  1.200000E-13,  3.993300E-07,  6.914600E-06,  1.823200E-05,  2.846300E-05
 1.300000E+00,  9.000000E-14,  3.994800E-07,  6.943600E-06,  1.902500E-05,  3.019500E-05
 1.400000E+00,  9.000000E-14,  3.996200E-07,  6.957000E-06,  1.970100E-05,  3.181000E-05
 1.500000E+00,  9.000000E-14,  3.997300E-07,  6.964300E-06,  2.027100E-05,  3.332900E-05
 1.600000E+00,  1.200000E-13,  3.998600E-07,  6.968900E-06,  2.073400E-05,  3.473500E-05
 1.700000E+00,  1.100000E-13,  3.999800E-07,  6.972500E-06,  2.109700E-05,  3.602500E-05
 1.800000E+00,  1.100000E-13,  4.000700E-07,  6.975700E-06,  2.137000E-05,  3.721700E-05
 1.900000E+00,  1.100000E-13,  4.001800E-07,  6.978200E-06,  2.156200E-05,  3.828700E-05
 2.000000E+00,  1.200000E-13,  4.003200E-07,  6.980800E-06,  2.169100E-05,  3.925700E-05
 2.100000E+00,  1.200000E-13,  4.003800E-07,  6.983200E-06,  2.177000E-05,  4.011700E-05
 2.200000E+00,  1.100000E-13,  4.004700E-07,  6.985400E-06,  2.181700E-05,  4.086200E-05
 2.300000E+00,  1.400000E-13,  4.005800E-07,  6.987500E-06,  2.184600E-05,  4.150500E-05
 2.400000E+00,  9.000000E-14,  4.006500E-07,  6.989400E-06,  2.186500E-05,  4.204000E-05
 2.500000E+00,  1.000000E-13,  4.007400E-07,  6.991500E-06,  2.187700E-05,  4.248200E-05
 2.600000E+00,  1.100000E-13,  4.008400E-07,  6.993200E-06,  2.188800E-05,  4.283000E-05
 2.700000E+00,  1.100000E-13,  4.009200E-07,  6.994700E-06,  2.189700E-05,  4.309400E-05
 2.800000E+00,  1.200000E-13,  4.009800E-07,  6.996600E-06,  2.190400E-05,  4.328600E-05
 2.900000E+00,  1.300000E-13,  4.010700E-07,  6.998200E-06,  2.191100E-05,  4.341800E-05
 3.000000E+00,  1.100000E-13,  4.012100E-07,  6.999700E-06,  2.191700E-05,  4.350800E-05
 3.100000E+00,  1.100000E-13,  4.012500E-07,  7.001300E-06,  2.192400E-05,  4.356900E-05
 3.200000E+00,  1.300000E-13,  4.013400E-07,  7.002800E-06,  2.193000E-05,  4.360900E-05
 3.300000E+00,  1.100000E-13,  4.015100E-07,  7.004300E-06,  2.193500E-05,  4.363700E-05
 3.400000E+00,  1.300000E-13,  4.015700E-07,  7.005700E-06,  2.194100E-05,  4.366000E-05
 3.500000E+00,  1.200000E-13,  4.017000E-07,  7.007300E-06,  2.194600E-05,  4.367700E-05
 3.600000E+00,  1.200000E-13,  4.018700E-07,  7.008600E-06,  2.195000E-05,  4.369200E-05
 3.700000E+00,  1.100000E-13,  4.020100E-07,  7.010000E-06,  2.195600E-05,  4.370600E-05
 3.800000E+00,  1.300000E-13,  4.022000E-07,  7.011500E-06,  2.196000E-05,  4.371800E-05
 3.900000E+00,  1.100000E-13,  4.024300E-07,  7.012900E-06,  2.196400E-05,  4.372900E-05
 4.000000E+00,  1.100000E-13,  4.027500E-07,  7.014200E-06,  2.196800E-05,  4.374000E-05
 4.100000E+00,  1.300000E-13,  4.030800E-07,  7.015900E-06,  2.197200E-05,  4.375000E-05
 4.200000E+00,  1.200000E-13,  4.034800E-07,  7.017500E-06,  2.197700E-05,  4.375900E-05
 4.300000E+00,  1.400000E-13,  4.040300E-07,  7.019200E-06,  2.198100E-05,  4.376900E-05
 4.400000E+00,  1.300000E-13,  4.045700E-07,  7.021700E-06,  2.198500E-05,  4.377700E-05
 4.500000E+00,  1.500000E-13,  4.052900E-07,  7.024500E-06,  2.198900E-05,  4.378600E-05
 4.600000E+00,  1.500000E-13,  4.061500E-07,  7.027500E-06,  2.199300E-05,  4.379500E-05
 4.700000E+00,  1.300000E-13,  4.071600E-07,  7.031200E-06,  2.199800E-05,  4.380200E-05
 4.800000E+00,  1.700000E-13,  4.083000E-07,  7.035800E-06,  2.200200E-05,  4.381000E-05
 4.900000E+00,  1.700000E-13,  4.096700E-07,  7.041200E-06,  2.200600E-05,  4.381800E-05
 5.000000E+00,  1.500000E-13,  4.112400E-07,  7.047600E-06,  2.201100E-05,  4.382500E-05
 5.100000E+00,  1.900000E-13,  4.129900E-07,  7.055400E-06,  2.201700E-05,  4.383200E-05
 5.200000E+00,  1.900000E-13,  4.150400E-07,  7.064800E-06,  2.202300E-05,  4.384000E-05
 5.300000E+00,  1.800000E-13,  4.173200E-07,  7.076000E-06,  2.203000E-05,  4.384700E-05
 5.400000E+00,  1.900000E-13,  4.198400E-07,  7.089500E-06,  2.204000E-05,  4.385300E-05
 5.500000E+00,  2.300000E-13,  4.226400E-07,  7.105400E-06,  2.204900E-05,  4.386100E-05
{Isub_Vg}
[Vgs, Ib(Vds= 2.000000E+00), Ib(Vds= 2.750000E+00), Ib(Vds= 3.500000E+00), Ib(Vds= 4.250000E+00), Ib(Vds= 5.000000E+00), Vbs= 0.000000E+00, Ref_Vs=0]
 0.000000E+00,  -1.589000E-11,  -1.200000E-12,  -1.300000E-12,  -2.252200E-09,  -5.100000E-12
 1.000000E-01,  -1.527000E-11,  -5.000000E-13,  -2.430000E-11,  -1.070000E-11,  -1.360000E-11
 2.000000E-01,  -3.078000E-11,  -5.600000E-12,  -9.549100E-10,  -2.090000E-12,  -2.410000E-11
 3.000000E-01,  -1.755400E-10,  -8.800000E-12,  -2.040000E-12,  -8.460000E-12,  -1.340000E-11
 4.000000E-01,  -4.379100E-10,  -2.403000E-11,  -4.240000E-12,  -6.780000E-12,  -8.700000E-12
 5.000000E-01,  -4.935100E-10,  -1.480000E-12,  -6.700000E-13,  -1.489000E-11,  -1.980000E-11
 6.000000E-01,  -4.088700E-10,  -1.301000E-11,  -9.470000E-12,  -2.260000E-12,  -4.700000E-12
 7.000000E-01,  -1.536800E-10,  -9.759000E-11,  -9.805000E-11,  -1.109400E-10,  -1.136000E-10
 8.000000E-01,  -6.983300E-10,  -7.167200E-10,  -7.428900E-10,  -7.907600E-10,  -8.709000E-10
 9.000000E-01,  -1.930560E-09,  -2.022550E-09,  -2.094040E-09,  -2.526370E-09,  -3.478910E-09
 1.000000E+00,  -2.693140E-09,  -2.779040E-09,  -3.037490E-09,  -4.340030E-09,  -7.628640E-09
 1.100000E+00,  -2.202110E-09,  -2.250600E-09,  -2.766800E-09,  -5.422150E-09,  -1.270330E-08
 1.200000E+00,  -1.630410E-09,  -1.735490E-09,  -2.572060E-09,  -6.928780E-09,  -2.010550E-08
 1.300000E+00,  -1.494390E-09,  -1.552020E-09,  -2.673370E-09,  -8.991240E-09,  -2.901790E-08
 1.400000E+00,  -1.639290E-09,  -1.681140E-09,  -3.093640E-09,  -1.336300E-08,  -3.890860E-08
 1.500000E+00,  -2.013840E-09,  -2.104870E-09,  -3.595350E-09,  -1.319360E-08,  -4.862810E-08
 1.600000E+00,  -2.470110E-09,  -2.530670E-09,  -4.131660E-09,  -1.489740E-08,  -5.764540E-08
 1.700000E+00,  -3.033040E-09,  -3.056370E-09,  -4.652480E-09,  -1.620760E-08,  -6.542680E-08
 1.800000E+00,  -3.711350E-09,  -3.584480E-09,  -5.136940E-09,  -1.716840E-08,  -7.160070E-08
 1.900000E+00,  -4.354150E-09,  -4.150510E-09,  -5.601410E-09,  -1.754640E-08,  -7.616190E-08
 2.000000E+00,  -4.853140E-09,  -4.744600E-09,  -5.902430E-09,  -1.765620E-08,  -7.881460E-08
 2.100000E+00,  -5.446370E-09,  -5.339440E-09,  -6.281780E-09,  -1.740090E-08,  -7.998300E-08
 2.200000E+00,  -5.966490E-09,  -5.857310E-09,  -6.715890E-09,  -1.690000E-08,  -7.921450E-08
 2.300000E+00,  -6.666180E-09,  -6.302620E-09,  -7.188160E-09,  -1.616070E-08,  -7.736630E-08
 2.400000E+00,  -7.152360E-09,  -6.852630E-09,  -7.428640E-09,  -1.549300E-08,  -7.425140E-08
 2.500000E+00,  -7.731360E-09,  -7.360440E-09,  -7.729550E-09,  -1.482090E-08,  -7.017330E-08
 2.600000E+00,  -7.979460E-09,  -8.034750E-09,  -8.237460E-09,  -1.381390E-08,  -6.562550E-08
 2.700000E+00,  -8.599470E-09,  -8.461760E-09,  -8.676380E-09,  -1.290850E-08,  -6.052110E-08
 2.800000E+00,  -7.960700E-09,  -9.174580E-09,  -9.238320E-09,  -1.262630E-08,  -5.556000E-08
 2.900000E+00,  -8.588500E-09,  -9.556850E-09,  -9.392840E-09,  -1.188100E-08,  -5.057550E-08
 3.000000E+00,  -9.021900E-09,  -9.999640E-09,  -9.952060E-09,  -1.161210E-08,  -4.509810E-08
 3.100000E+00,  -9.435400E-09,  -1.040551E-08,  -1.055463E-08,  -1.143920E-08,  -4.052230E-08
 3.200000E+00,  -9.794200E-09,  -9.775600E-09,  -1.089371E-08,  -1.118330E-08,  -3.607530E-08
 3.300000E+00,  -1.018770E-08,  -1.034280E-08,  -1.031710E-08,  -1.108170E-08,  -3.192190E-08
 3.400000E+00,  -1.083150E-08,  -1.060850E-08,  -1.055490E-08,  -1.128240E-08,  -2.857070E-08
 3.500000E+00,  -1.103330E-08,  -1.103220E-08,  -1.120550E-08,  -1.142450E-08,  -2.542020E-08
 3.600000E+00,  -1.161720E-08,  -1.153240E-08,  -1.143980E-08,  -1.147210E-08,  -2.393820E-08
 3.700000E+00,  -1.185930E-08,  -1.186410E-08,  -1.202020E-08,  -1.220200E-08,  -2.068280E-08
 3.800000E+00,  -1.234790E-08,  -1.242550E-08,  -1.239030E-08,  -1.243220E-08,  -1.893860E-08
 3.900000E+00,  -1.259690E-08,  -1.303250E-08,  -1.300620E-08,  -1.327810E-08,  -1.748650E-08
 4.000000E+00,  -1.295120E-08,  -1.310280E-08,  -1.358020E-08,  -1.339300E-08,  -1.690730E-08
 4.100000E+00,  -1.346530E-08,  -1.401610E-08,  -1.373650E-08,  -1.387000E-08,  -1.603680E-08
 4.200000E+00,  -1.386500E-08,  -1.400460E-08,  -1.396460E-08,  -1.424710E-08,  -1.576590E-08
 4.300000E+00,  -1.388030E-08,  -1.457000E-08,  -1.470590E-08,  -1.473670E-08,  -1.561820E-08
 4.400000E+00,  -1.468580E-08,  -1.518300E-08,  -1.508130E-08,  -1.499750E-08,  -1.586530E-08
 4.500000E+00,  -1.487900E-08,  -1.523240E-08,  -1.564900E-08,  -1.534910E-08,  -1.606140E-08
 4.600000E+00,  -1.520900E-08,  -1.569830E-08,  -1.592360E-08,  -1.635110E-08,  -1.602930E-08
 4.700000E+00,  -1.536190E-08,  -1.607870E-08,  -1.633740E-08,  -1.631940E-08,  -1.640250E-08
 4.800000E+00,  -1.551570E-08,  -1.651160E-08,  -1.679830E-08,  -1.703370E-08,  -1.711790E-08
 4.900000E+00,  -1.610680E-08,  -1.684080E-08,  -1.727670E-08,  -1.721860E-08,  -1.721120E-08
 5.000000E+00,  -1.614730E-08,  -1.719330E-08,  -1.763200E-08,  -1.770160E-08,  -1.790410E-08
[Vgs, Id(Vds= 2.000000E+00), Id(Vds= 2.750000E+00), Id(Vds= 3.500000E+00), Id(Vds= 4.250000E+00), Id(Vds= 5.000000E+00), Vbs= 0.000000E+00, Ref_Vs=0]
 0.000000E+00,  9.000000E-14,  1.100000E-13,  1.000000E-13,  1.200000E-13,  1.000000E-13
 1.000000E-01,  1.000000E-13,  1.000000E-13,  1.000000E-13,  1.000000E-13,  1.100000E-13
 2.000000E-01,  9.000000E-14,  1.100000E-13,  1.000000E-13,  1.400000E-13,  1.100000E-13
 3.000000E-01,  1.100000E-13,  1.200000E-13,  1.000000E-13,  1.300000E-13,  1.300000E-13
 4.000000E-01,  3.000000E-13,  2.900000E-13,  3.200000E-13,  3.300000E-13,  3.500000E-13
 5.000000E-01,  2.620000E-12,  2.570000E-12,  2.610000E-12,  2.690000E-12,  2.780000E-12
 6.000000E-01,  3.086000E-11,  3.088000E-11,  3.113000E-11,  3.189000E-11,  3.306000E-11
 7.000000E-01,  3.896200E-10,  3.904300E-10,  3.929200E-10,  4.021000E-10,  4.167300E-10
 8.000000E-01,  4.030360E-09,  4.039390E-09,  4.065530E-09,  4.148420E-09,  4.311110E-09
 9.000000E-01,  2.470890E-08,  2.477770E-08,  2.491950E-08,  2.536200E-08,  2.643440E-08
 1.000000E+00,  8.607990E-08,  8.627300E-08,  8.670550E-08,  8.809110E-08,  9.158230E-08
 1.100000E+00,  2.103640E-07,  2.108660E-07,  2.117900E-07,  2.147240E-07,  2.223460E-07
 1.200000E+00,  4.102200E-07,  4.110600E-07,  4.126330E-07,  4.175420E-07,  4.313420E-07
 1.300000E+00,  6.896360E-07,  6.910780E-07,  6.934750E-07,  7.006790E-07,  7.216620E-07
 1.400000E+00,  1.056999E-06,  1.059140E-06,  1.062210E-06,  1.072010E-06,  1.101002E-06
 1.500000E+00,  1.512320E-06,  1.515590E-06,  1.519650E-06,  1.531320E-06,  1.568960E-06
 1.600000E+00,  2.052120E-06,  2.056470E-06,  2.061350E-06,  2.075260E-06,  2.120790E-06
 1.700000E+00,  2.685920E-06,  2.691570E-06,  2.697620E-06,  2.713270E-06,  2.766100E-06
 1.800000E+00,  3.404860E-06,  3.412050E-06,  3.419210E-06,  3.436320E-06,  3.495360E-06
 1.900000E+00,  4.219350E-06,  4.228500E-06,  4.236980E-06,  4.255480E-06,  4.319530E-06
 2.000000E+00,  5.124980E-06,  5.136140E-06,  5.145970E-06,  5.165630E-06,  5.233450E-06
 2.100000E+00,  6.112980E-06,  6.126510E-06,  6.137880E-06,  6.158300E-06,  6.228710E-06
 2.200000E+00,  7.198010E-06,  7.215240E-06,  7.227830E-06,  7.249310E-06,  7.321010E-06
 2.300000E+00,  8.364150E-06,  8.383500E-06,  8.398770E-06,  8.421100E-06,  8.493140E-06
 2.400000E+00,  9.626530E-06,  9.649650E-06,  9.667420E-06,  9.689970E-06,  9.761440E-06
 2.500000E+00,  1.097793E-05,  1.100508E-05,  1.102549E-05,  1.104914E-05,  1.111902E-05
 2.600000E+00,  1.240550E-05,  1.243760E-05,  1.246020E-05,  1.248500E-05,  1.255370E-05
 2.700000E+00,  1.392990E-05,  1.396670E-05,  1.399290E-05,  1.401890E-05,  1.408570E-05
 2.800000E+00,  1.552640E-05,  1.557060E-05,  1.559940E-05,  1.562680E-05,  1.569120E-05
 2.900000E+00,  1.721760E-05,  1.726980E-05,  1.730280E-05,  1.733220E-05,  1.739420E-05
 3.000000E+00,  1.899020E-05,  1.905310E-05,  1.909030E-05,  1.912140E-05,  1.918170E-05
 3.100000E+00,  2.082550E-05,  2.090400E-05,  2.094450E-05,  2.097960E-05,  2.103750E-05
 3.200000E+00,  2.274310E-05,  2.284570E-05,  2.289330E-05,  2.293000E-05,  2.298660E-05
 3.300000E+00,  2.472210E-05,  2.486740E-05,  2.492120E-05,  2.496120E-05,  2.501550E-05
 3.400000E+00,  2.673130E-05,  2.695010E-05,  2.700970E-05,  2.705380E-05,  2.710760E-05
 3.500000E+00,  2.878400E-05,  2.912340E-05,  2.919020E-05,  2.923770E-05,  2.929100E-05
 3.600000E+00,  3.083170E-05,  3.135140E-05,  3.142670E-05,  3.147860E-05,  3.153280E-05
 3.700000E+00,  3.289640E-05,  3.366640E-05,  3.375230E-05,  3.380880E-05,  3.386420E-05
 3.800000E+00,  3.495210E-05,  3.604880E-05,  3.614820E-05,  3.621010E-05,  3.626660E-05
 3.900000E+00,  3.697790E-05,  3.847600E-05,  3.859270E-05,  3.866210E-05,  3.872120E-05
 4.000000E+00,  3.899750E-05,  4.097670E-05,  4.111930E-05,  4.119370E-05,  4.125570E-05
 4.100000E+00,  4.098170E-05,  4.351090E-05,  4.369150E-05,  4.377320E-05,  4.383790E-05
 4.200000E+00,  4.295650E-05,  4.610120E-05,  4.634420E-05,  4.643410E-05,  4.650130E-05
 4.300000E+00,  4.490740E-05,  4.872110E-05,  4.905880E-05,  4.915860E-05,  4.923000E-05
 4.400000E+00,  4.681150E-05,  5.132690E-05,  5.180550E-05,  5.191310E-05,  5.199180E-05
 4.500000E+00,  4.870180E-05,  5.395210E-05,  5.462810E-05,  5.474780E-05,  5.483190E-05
 4.600000E+00,  5.054770E-05,  5.654050E-05,  5.747790E-05,  5.761460E-05,  5.770290E-05
 4.700000E+00,  5.237370E-05,  5.912800E-05,  6.039670E-05,  6.055190E-05,  6.064670E-05
 4.800000E+00,  5.416650E-05,  6.168470E-05,  6.335790E-05,  6.353700E-05,  6.363910E-05
 4.900000E+00,  5.591390E-05,  6.418990E-05,  6.633270E-05,  6.654960E-05,  6.665820E-05
 5.000000E+00,  5.763790E-05,  6.668160E-05,  6.935770E-05,  6.962860E-05,  6.974710E-05
