ObjInfo{}
Version{2.0}
ModelType{DC}
DataType{NMOS}
Delimitor{,}
Workingmode{FORWARD}
Instance{L= 3.000000E+00, W= 4.000000E+01, T= 2.500000E+01}
Input{Vgs, Vbs, Vds}
Output{Id}
{Id_Vg}
[Vgs, Id(Vbs= 0.000000E+00), Id(Vbs= -1.250000E+00), Id(Vbs= -2.500000E+00), Id(Vbs= -3.750000E+00), Id(Vbs= -5.000000E+00), Vds= 1.000000E-01, Ref_Vs=0]
 0.000000E+00,  8.000000E-14,  1.000000E-13,  1.200000E-13,  1.100000E-13,  1.300000E-13
 1.000000E-01,  1.500000E-13,  8.000000E-14,  1.200000E-13,  1.100000E-13,  1.200000E-13
 2.000000E-01,  7.800000E-13,  9.000000E-14,  9.000000E-14,  1.100000E-13,  8.000000E-14
 3.000000E-01,  7.500000E-12,  1.000000E-13,  9.000000E-14,  1.000000E-13,  1.000000E-13
 4.000000E-01,  8.640000E-11,  9.000000E-14,  9.000000E-14,  1.100000E-13,  1.000000E-13
 5.000000E-01,  1.060000E-09,  1.000000E-13,  1.000000E-13,  1.000000E-13,  1.100000E-13
 6.000000E-01,  1.402200E-08,  2.000000E-13,  9.000000E-14,  9.000000E-14,  1.200000E-13
 7.000000E-01,  1.797600E-07,  2.560000E-12,  9.000000E-14,  1.100000E-13,  1.000000E-13
 8.000000E-01,  1.553400E-06,  5.770000E-11,  1.300000E-13,  1.100000E-13,  1.000000E-13
 9.000000E-01,  6.827500E-06,  1.394200E-09,  1.210000E-12,  1.000000E-13,  1.000000E-13
 1.000000E+00,  1.680400E-05,  3.234100E-08,  3.185000E-11,  1.700000E-13,  8.000000E-14
 1.100000E+00,  2.971700E-05,  5.754000E-07,  9.178200E-10,  3.370000E-12,  1.300000E-13
 1.200000E+00,  4.381300E-05,  4.227100E-06,  2.579200E-08,  1.029200E-10,  8.600000E-13
 1.300000E+00,  5.817500E-05,  1.311900E-05,  5.216700E-07,  3.100800E-09,  2.419000E-11
 1.400000E+00,  7.267400E-05,  2.552800E-05,  4.145900E-06,  8.832000E-08,  7.856800E-10
 1.500000E+00,  8.703600E-05,  3.931300E-05,  1.315900E-05,  1.380800E-06,  2.469300E-08
 1.600000E+00,  1.010900E-04,  5.341200E-05,  2.541700E-05,  7.181700E-06,  5.397500E-07
 1.700000E+00,  1.150100E-04,  6.768100E-05,  3.907100E-05,  1.784400E-05,  4.319900E-06
 1.800000E+00,  1.285800E-04,  8.172700E-05,  5.303700E-05,  3.069900E-05,  1.335100E-05
 1.900000E+00,  1.419600E-04,  9.567200E-05,  6.713800E-05,  4.445800E-05,  2.559100E-05
 2.000000E+00,  1.550900E-04,  1.093900E-04,  8.112700E-05,  5.843700E-05,  3.903300E-05
 2.100000E+00,  1.678500E-04,  1.227400E-04,  9.482500E-05,  7.227200E-05,  5.275100E-05
 2.200000E+00,  1.804200E-04,  1.359200E-04,  1.083600E-04,  8.605500E-05,  6.659900E-05
 2.300000E+00,  1.926400E-04,  1.487300E-04,  1.215500E-04,  9.951900E-05,  8.023500E-05
 2.400000E+00,  2.046800E-04,  1.613400E-04,  1.345700E-04,  1.128300E-04,  9.377400E-05
 2.500000E+00,  2.164300E-04,  1.736800E-04,  1.472800E-04,  1.258700E-04,  1.070700E-04
 2.600000E+00,  2.278300E-04,  1.856600E-04,  1.596300E-04,  1.385400E-04,  1.200100E-04
 2.700000E+00,  2.390500E-04,  1.974300E-04,  1.718000E-04,  1.510300E-04,  1.327800E-04
 2.800000E+00,  2.498900E-04,  2.088200E-04,  1.835500E-04,  1.631000E-04,  1.451300E-04
 2.900000E+00,  2.605400E-04,  2.200200E-04,  1.951200E-04,  1.749800E-04,  1.573000E-04
 3.000000E+00,  2.709200E-04,  2.309300E-04,  2.064000E-04,  1.865800E-04,  1.691900E-04
 3.100000E+00,  2.809400E-04,  2.414500E-04,  2.172700E-04,  1.977500E-04,  1.806300E-04
 3.200000E+00,  2.907200E-04,  2.517600E-04,  2.279300E-04,  2.087200E-04,  1.918800E-04
 3.300000E+00,  3.002600E-04,  2.618000E-04,  2.383300E-04,  2.193800E-04,  2.028400E-04
 3.400000E+00,  3.094300E-04,  2.714200E-04,  2.482800E-04,  2.296600E-04,  2.133400E-04
 3.500000E+00,  3.183800E-04,  2.808700E-04,  2.580500E-04,  2.397100E-04,  2.236700E-04
 3.600000E+00,  3.270000E-04,  2.899600E-04,  2.674800E-04,  2.493900E-04,  2.336300E-04
 3.700000E+00,  3.354300E-04,  2.987800E-04,  2.766000E-04,  2.588200E-04,  2.433000E-04
 3.800000E+00,  3.435200E-04,  3.073600E-04,  2.854900E-04,  2.679500E-04,  2.526900E-04
 3.900000E+00,  3.513100E-04,  3.156000E-04,  2.940400E-04,  2.767500E-04,  2.617300E-04
 4.000000E+00,  3.589200E-04,  3.235600E-04,  3.022800E-04,  2.852700E-04,  2.704800E-04
 4.100000E+00,  3.661300E-04,  3.312200E-04,  3.102200E-04,  2.934700E-04,  2.788900E-04
 4.200000E+00,  3.731800E-04,  3.387000E-04,  3.179800E-04,  3.014300E-04,  2.871100E-04
 4.300000E+00,  3.800000E-04,  3.458300E-04,  3.253900E-04,  3.091100E-04,  2.949700E-04
 4.400000E+00,  3.864300E-04,  3.526900E-04,  3.324900E-04,  3.164400E-04,  3.025200E-04
 4.500000E+00,  3.927100E-04,  3.593700E-04,  3.394200E-04,  3.235600E-04,  3.098600E-04
 4.600000E+00,  3.987200E-04,  3.656500E-04,  3.459600E-04,  3.303700E-04,  3.168200E-04
 4.700000E+00,  4.044600E-04,  3.717800E-04,  3.523400E-04,  3.369300E-04,  3.236100E-04
 4.800000E+00,  4.099900E-04,  3.777000E-04,  3.584700E-04,  3.432600E-04,  3.301200E-04
 4.900000E+00,  4.153200E-04,  3.832600E-04,  3.642700E-04,  3.492800E-04,  3.363100E-04
 5.000000E+00,  4.203300E-04,  3.886700E-04,  3.698900E-04,  3.550800E-04,  3.423000E-04
[Vgs, Id(Vbs= 0.000000E+00), Id(Vbs= -1.250000E+00), Id(Vbs= -2.500000E+00), Id(Vbs= -3.750000E+00), Id(Vbs= -5.000000E+00), Vds= 5.500000E+00, Ref_Vs=0]
 0.000000E+00,  1.700000E-13,  2.300000E-13,  2.500000E-13,  3.400000E-13,  5.200000E-13
 1.000000E-01,  2.200000E-13,  1.900000E-13,  2.000000E-13,  2.800000E-13,  5.000000E-13
 2.000000E-01,  1.000000E-12,  1.500000E-13,  2.000000E-13,  2.800000E-13,  4.800000E-13
 3.000000E-01,  9.270000E-12,  1.600000E-13,  2.000000E-13,  2.800000E-13,  4.500000E-13
 4.000000E-01,  1.065800E-10,  1.700000E-13,  1.900000E-13,  2.500000E-13,  4.700000E-13
 5.000000E-01,  1.300900E-09,  1.700000E-13,  1.900000E-13,  2.600000E-13,  4.800000E-13
 6.000000E-01,  1.712900E-08,  2.600000E-13,  1.800000E-13,  2.600000E-13,  4.500000E-13
 7.000000E-01,  2.192600E-07,  3.200000E-12,  1.800000E-13,  2.500000E-13,  4.500000E-13
 8.000000E-01,  1.915300E-06,  7.138000E-11,  2.300000E-13,  2.600000E-13,  4.600000E-13
 9.000000E-01,  8.927000E-06,  1.713600E-09,  1.570000E-12,  2.700000E-13,  4.500000E-13
 1.000000E+00,  2.509300E-05,  3.961600E-08,  3.960000E-11,  3.700000E-13,  4.300000E-13
 1.100000E+00,  5.275900E-05,  7.067000E-07,  1.133200E-09,  4.350000E-12,  4.800000E-13
 1.200000E+00,  9.263500E-05,  5.455500E-06,  3.169400E-08,  1.276800E-10,  1.380000E-12
 1.300000E+00,  1.443700E-04,  1.954800E-05,  6.421800E-07,  3.821100E-09,  3.039000E-11
 1.400000E+00,  2.086100E-04,  4.630700E-05,  5.377300E-06,  1.083500E-07,  9.704700E-10
 1.500000E+00,  2.846800E-04,  8.663100E-05,  1.995000E-05,  1.718300E-06,  3.033300E-08
 1.600000E+00,  3.714000E-04,  1.400900E-04,  4.725000E-05,  9.854500E-06,  6.639400E-07
 1.700000E+00,  4.697500E-04,  2.072000E-04,  8.863300E-05,  2.964900E-05,  5.640900E-06
 1.800000E+00,  5.778200E-04,  2.865200E-04,  1.434600E-04,  6.282000E-05,  2.062100E-05
 1.900000E+00,  6.967400E-04,  3.786500E-04,  2.121900E-04,  1.102600E-04,  4.887200E-05
 2.000000E+00,  8.253400E-04,  4.825000E-04,  2.939500E-04,  1.715800E-04,  9.117700E-05
 2.100000E+00,  9.620500E-04,  5.965400E-04,  3.873400E-04,  2.456400E-04,  1.470000E-04
 2.200000E+00,  1.108600E-03,  7.220100E-04,  4.932500E-04,  3.330900E-04,  2.167700E-04
 2.300000E+00,  1.262300E-03,  8.564600E-04,  6.094900E-04,  4.319600E-04,  2.989400E-04
 2.400000E+00,  1.425000E-03,  1.001300E-03,  7.371100E-04,  5.430700E-04,  3.941100E-04
 2.500000E+00,  1.595400E-03,  1.155200E-03,  8.749200E-04,  6.652900E-04,  5.011500E-04
 2.600000E+00,  1.771700E-03,  1.316400E-03,  1.021100E-03,  7.969200E-04,  6.185600E-04
 2.700000E+00,  1.956200E-03,  1.486900E-03,  1.177400E-03,  9.394000E-04,  7.475000E-04
 2.800000E+00,  2.145700E-03,  1.663600E-03,  1.341000E-03,  1.090000E-03,  8.854100E-04
 2.900000E+00,  2.342700E-03,  1.848800E-03,  1.513700E-03,  1.250600E-03,  1.033900E-03
 3.000000E+00,  2.545500E-03,  2.040700E-03,  1.694100E-03,  1.419400E-03,  1.191300E-03
 3.100000E+00,  2.752100E-03,  2.237300E-03,  1.880000E-03,  1.594600E-03,  1.355800E-03
 3.200000E+00,  2.965200E-03,  2.441100E-03,  2.073700E-03,  1.778100E-03,  1.529400E-03
 3.300000E+00,  3.183000E-03,  2.650500E-03,  2.273600E-03,  1.968600E-03,  1.710200E-03
 3.400000E+00,  3.403500E-03,  2.863300E-03,  2.477700E-03,  2.163800E-03,  1.896600E-03
 3.500000E+00,  3.629800E-03,  3.082500E-03,  2.688600E-03,  2.366400E-03,  2.090800E-03
 3.600000E+00,  3.858000E-03,  3.304300E-03,  2.902800E-03,  2.572800E-03,  2.289400E-03
 3.700000E+00,  4.091400E-03,  3.531800E-03,  3.123100E-03,  2.785700E-03,  2.495000E-03
 3.800000E+00,  4.328000E-03,  3.762900E-03,  3.347500E-03,  3.003300E-03,  2.705600E-03
 3.900000E+00,  4.565600E-03,  3.995600E-03,  3.574100E-03,  3.223500E-03,  2.919300E-03
 4.000000E+00,  4.807200E-03,  4.232700E-03,  3.805500E-03,  3.448800E-03,  3.138600E-03
 4.100000E+00,  5.049600E-03,  4.471000E-03,  4.038400E-03,  3.676200E-03,  3.360300E-03
 4.200000E+00,  5.295900E-03,  4.713600E-03,  4.275900E-03,  3.908400E-03,  3.587200E-03
 4.300000E+00,  5.544200E-03,  4.958500E-03,  4.516200E-03,  4.143800E-03,  3.817500E-03
 4.400000E+00,  5.791900E-03,  5.203200E-03,  4.756600E-03,  4.379500E-03,  4.048600E-03
 4.500000E+00,  6.043000E-03,  5.451500E-03,  5.000800E-03,  4.619500E-03,  4.284100E-03
 4.600000E+00,  6.293200E-03,  5.699300E-03,  5.244900E-03,  4.859600E-03,  4.520000E-03
 4.700000E+00,  6.546400E-03,  5.950200E-03,  5.492300E-03,  5.103200E-03,  4.759800E-03
 4.800000E+00,  6.800300E-03,  6.202100E-03,  5.740900E-03,  5.348300E-03,  5.001200E-03
 4.900000E+00,  7.052900E-03,  6.453100E-03,  5.988900E-03,  5.592900E-03,  5.242400E-03
 5.000000E+00,  7.308100E-03,  6.706600E-03,  6.239700E-03,  5.840500E-03,  5.486700E-03
{id_vd}
[Vds, Id(Vgs= 1.046000E+00), Id(Vgs= 2.034000E+00), Id(Vgs= 3.022000E+00), Id(Vgs= 4.010000E+00), Id(Vgs= 4.998000E+00), Vbs= 0.000000E+00, Ref_Vs=0]
 0.000000E+00,  1.391300E-07,  5.959900E-07,  1.313000E-06,  1.663800E-06,  1.983900E-06
 1.000000E-01,  2.255400E-05,  1.593000E-04,  2.729000E-04,  3.593100E-04,  4.198900E-04
 2.000000E-01,  3.027200E-05,  3.007300E-04,  5.314000E-04,  7.077500E-04,  8.319100E-04
 3.000000E-01,  3.154600E-05,  4.236300E-04,  7.740800E-04,  1.043200E-03,  1.233700E-03
 4.000000E-01,  3.177700E-05,  5.274800E-04,  9.992300E-04,  1.363300E-03,  1.622400E-03
 5.000000E-01,  3.190000E-05,  6.140200E-04,  1.210000E-03,  1.672300E-03,  2.003100E-03
 6.000000E-01,  3.199400E-05,  6.828700E-04,  1.404700E-03,  1.967700E-03,  2.372800E-03
 7.000000E-01,  3.207600E-05,  7.341500E-04,  1.581500E-03,  2.246400E-03,  2.727900E-03
 8.000000E-01,  3.214500E-05,  7.699500E-04,  1.743100E-03,  2.512800E-03,  3.073400E-03
 9.000000E-01,  3.221100E-05,  7.919200E-04,  1.887200E-03,  2.762600E-03,  3.403900E-03
 1.000000E+00,  3.227300E-05,  8.039100E-04,  2.016000E-03,  2.999400E-03,  3.724300E-03
 1.100000E+00,  3.232700E-05,  8.099900E-04,  2.128400E-03,  3.220800E-03,  4.031300E-03
 1.200000E+00,  3.238100E-05,  8.133900E-04,  2.223800E-03,  3.425300E-03,  4.322400E-03
 1.300000E+00,  3.243100E-05,  8.156500E-04,  2.304000E-03,  3.615700E-03,  4.601800E-03
 1.400000E+00,  3.247800E-05,  8.173700E-04,  2.368400E-03,  3.789500E-03,  4.865300E-03
 1.500000E+00,  3.252100E-05,  8.188500E-04,  2.418800E-03,  3.948800E-03,  5.116300E-03
 1.600000E+00,  3.256900E-05,  8.201100E-04,  2.455800E-03,  4.092200E-03,  5.352300E-03
 1.700000E+00,  3.260700E-05,  8.212600E-04,  2.481500E-03,  4.219500E-03,  5.572500E-03
 1.800000E+00,  3.264500E-05,  8.223300E-04,  2.498600E-03,  4.332700E-03,  5.779900E-03
 1.900000E+00,  3.268800E-05,  8.233000E-04,  2.509700E-03,  4.430000E-03,  5.971000E-03
 2.000000E+00,  3.272100E-05,  8.242200E-04,  2.517200E-03,  4.513600E-03,  6.149000E-03
 2.100000E+00,  3.276000E-05,  8.251100E-04,  2.522500E-03,  4.583200E-03,  6.312300E-03
 2.200000E+00,  3.279500E-05,  8.259400E-04,  2.526500E-03,  4.639100E-03,  6.460000E-03
 2.300000E+00,  3.283000E-05,  8.267300E-04,  2.529800E-03,  4.683400E-03,  6.594400E-03
 2.400000E+00,  3.286400E-05,  8.275100E-04,  2.532600E-03,  4.716700E-03,  6.713600E-03
 2.500000E+00,  3.290000E-05,  8.282300E-04,  2.535200E-03,  4.741500E-03,  6.820000E-03
 2.600000E+00,  3.293400E-05,  8.289500E-04,  2.537400E-03,  4.759100E-03,  6.913000E-03
 2.700000E+00,  3.296300E-05,  8.296500E-04,  2.539400E-03,  4.771700E-03,  6.992300E-03
 2.800000E+00,  3.300000E-05,  8.303100E-04,  2.541300E-03,  4.780700E-03,  7.059900E-03
 2.900000E+00,  3.303400E-05,  8.309600E-04,  2.543100E-03,  4.787300E-03,  7.115500E-03
 3.000000E+00,  3.306800E-05,  8.316000E-04,  2.544700E-03,  4.792500E-03,  7.160800E-03
 3.100000E+00,  3.310300E-05,  8.322300E-04,  2.546300E-03,  4.796600E-03,  7.196500E-03
 3.200000E+00,  3.314300E-05,  8.328200E-04,  2.547800E-03,  4.800000E-03,  7.223900E-03
 3.300000E+00,  3.318100E-05,  8.334400E-04,  2.549200E-03,  4.803000E-03,  7.244600E-03
 3.400000E+00,  3.322200E-05,  8.340400E-04,  2.550500E-03,  4.805500E-03,  7.259800E-03
 3.500000E+00,  3.327100E-05,  8.346500E-04,  2.551800E-03,  4.807600E-03,  7.271100E-03
 3.600000E+00,  3.331700E-05,  8.352800E-04,  2.553100E-03,  4.809600E-03,  7.279300E-03
 3.700000E+00,  3.337400E-05,  8.359000E-04,  2.554300E-03,  4.811400E-03,  7.285400E-03
 3.800000E+00,  3.343800E-05,  8.365700E-04,  2.555500E-03,  4.812900E-03,  7.290100E-03
 3.900000E+00,  3.350000E-05,  8.372600E-04,  2.556600E-03,  4.814300E-03,  7.293500E-03
 4.000000E+00,  3.357900E-05,  8.380200E-04,  2.557700E-03,  4.815600E-03,  7.296200E-03
 4.100000E+00,  3.366800E-05,  8.388200E-04,  2.558900E-03,  4.816800E-03,  7.298300E-03
 4.200000E+00,  3.376100E-05,  8.397000E-04,  2.560000E-03,  4.817900E-03,  7.299900E-03
 4.300000E+00,  3.386800E-05,  8.406900E-04,  2.561100E-03,  4.818900E-03,  7.301200E-03
 4.400000E+00,  3.399400E-05,  8.417800E-04,  2.562300E-03,  4.819800E-03,  7.302100E-03
 4.500000E+00,  3.412900E-05,  8.430200E-04,  2.563600E-03,  4.820700E-03,  7.302800E-03
 4.600000E+00,  3.427900E-05,  8.444500E-04,  2.565000E-03,  4.821500E-03,  7.303300E-03
 4.700000E+00,  3.444700E-05,  8.460600E-04,  2.566500E-03,  4.822300E-03,  7.303500E-03
 4.800000E+00,  3.462900E-05,  8.479100E-04,  2.568100E-03,  4.823100E-03,  7.303600E-03
 4.900000E+00,  3.483200E-05,  8.500500E-04,  2.570000E-03,  4.823900E-03,  7.303600E-03
 5.000000E+00,  3.504900E-05,  8.524600E-04,  2.572100E-03,  4.824800E-03,  7.303400E-03
 5.100000E+00,  3.528800E-05,  8.552400E-04,  2.574600E-03,  4.825700E-03,  7.303200E-03
 5.200000E+00,  3.554400E-05,  8.583900E-04,  2.577400E-03,  4.826700E-03,  7.302800E-03
 5.300000E+00,  3.582100E-05,  8.619400E-04,  2.580800E-03,  4.827900E-03,  7.302400E-03
 5.400000E+00,  3.611900E-05,  8.659300E-04,  2.584600E-03,  4.829300E-03,  7.301900E-03
 5.500000E+00,  3.642700E-05,  8.703700E-04,  2.589200E-03,  4.831000E-03,  7.301500E-03
[Vds, Id(Vgs= 1.046000E+00), Id(Vgs= 2.034000E+00), Id(Vgs= 3.022000E+00), Id(Vgs= 4.010000E+00), Id(Vgs= 4.998000E+00), Vbs= -5.000000E+00, Ref_Vs=0]
 0.000000E+00,  1.300000E-13,  5.067400E-07,  2.047300E-06,  3.417200E-06,  4.573700E-06
 1.000000E-01,  1.300000E-13,  4.362100E-05,  1.715200E-04,  2.711200E-04,  3.418700E-04
 2.000000E-01,  1.200000E-13,  7.248700E-05,  3.292000E-04,  5.308100E-04,  6.746700E-04
 3.000000E-01,  1.300000E-13,  8.844000E-05,  4.731400E-04,  7.795500E-04,  9.992199E-04
 4.000000E-01,  1.300000E-13,  9.506500E-05,  6.021700E-04,  1.015300E-03,  1.312800E-03
 5.000000E-01,  1.300000E-13,  9.718200E-05,  7.180400E-04,  1.240800E-03,  1.619400E-03
 6.000000E-01,  1.300000E-13,  9.792400E-05,  8.196800E-04,  1.454300E-03,  1.916600E-03
 7.000000E-01,  1.200000E-13,  9.831700E-05,  9.063200E-04,  1.653400E-03,  2.201100E-03
 8.000000E-01,  1.200000E-13,  9.859800E-05,  9.795100E-04,  1.840900E-03,  2.476700E-03
 9.000000E-01,  1.200000E-13,  9.882800E-05,  1.038600E-03,  2.013800E-03,  2.739300E-03
 1.000000E+00,  1.400000E-13,  9.904100E-05,  1.085000E-03,  2.174700E-03,  2.992500E-03
 1.100000E+00,  1.400000E-13,  9.922300E-05,  1.119300E-03,  2.321700E-03,  3.233400E-03
 1.200000E+00,  1.400000E-13,  9.939800E-05,  1.142900E-03,  2.453900E-03,  3.460300E-03
 1.300000E+00,  1.500000E-13,  9.956600E-05,  1.158300E-03,  2.573200E-03,  3.676200E-03
 1.400000E+00,  1.400000E-13,  9.971400E-05,  1.167600E-03,  2.678100E-03,  3.877800E-03
 1.500000E+00,  1.500000E-13,  9.986800E-05,  1.173300E-03,  2.770100E-03,  4.067800E-03
 1.600000E+00,  1.500000E-13,  1.000200E-04,  1.177100E-03,  2.848600E-03,  4.244200E-03
 1.700000E+00,  1.400000E-13,  1.001500E-04,  1.179700E-03,  2.914100E-03,  4.406400E-03
 1.800000E+00,  1.300000E-13,  1.002800E-04,  1.181900E-03,  2.967900E-03,  4.556700E-03
 1.900000E+00,  1.500000E-13,  1.004100E-04,  1.183700E-03,  3.010100E-03,  4.692600E-03
 2.000000E+00,  1.300000E-13,  1.005300E-04,  1.185200E-03,  3.042700E-03,  4.816300E-03
 2.100000E+00,  1.500000E-13,  1.006500E-04,  1.186700E-03,  3.066600E-03,  4.926900E-03
 2.200000E+00,  1.800000E-13,  1.007700E-04,  1.188000E-03,  3.083400E-03,  5.024100E-03
 2.300000E+00,  1.700000E-13,  1.008900E-04,  1.189200E-03,  3.095400E-03,  5.109500E-03
 2.400000E+00,  1.600000E-13,  1.010000E-04,  1.190300E-03,  3.103700E-03,  5.182300E-03
 2.500000E+00,  1.700000E-13,  1.011100E-04,  1.191500E-03,  3.109800E-03,  5.244300E-03
 2.600000E+00,  1.900000E-13,  1.012200E-04,  1.192500E-03,  3.114500E-03,  5.295500E-03
 2.700000E+00,  1.900000E-13,  1.013300E-04,  1.193500E-03,  3.118200E-03,  5.336700E-03
 2.800000E+00,  1.800000E-13,  1.014300E-04,  1.194500E-03,  3.121300E-03,  5.369400E-03
 2.900000E+00,  1.900000E-13,  1.015400E-04,  1.195400E-03,  3.124000E-03,  5.394400E-03
 3.000000E+00,  1.900000E-13,  1.016400E-04,  1.196300E-03,  3.126400E-03,  5.413400E-03
 3.100000E+00,  1.900000E-13,  1.017400E-04,  1.197200E-03,  3.128500E-03,  5.427400E-03
 3.200000E+00,  1.900000E-13,  1.018500E-04,  1.198100E-03,  3.130500E-03,  5.437700E-03
 3.300000E+00,  2.100000E-13,  1.019500E-04,  1.198900E-03,  3.132300E-03,  5.445400E-03
 3.400000E+00,  2.100000E-13,  1.020600E-04,  1.199700E-03,  3.133900E-03,  5.451200E-03
 3.500000E+00,  2.000000E-13,  1.021700E-04,  1.200500E-03,  3.135500E-03,  5.455800E-03
 3.600000E+00,  2.000000E-13,  1.022700E-04,  1.201300E-03,  3.137100E-03,  5.459400E-03
 3.700000E+00,  2.300000E-13,  1.023800E-04,  1.202000E-03,  3.138400E-03,  5.462400E-03
 3.800000E+00,  2.200000E-13,  1.025100E-04,  1.202800E-03,  3.139800E-03,  5.464900E-03
 3.900000E+00,  2.400000E-13,  1.026400E-04,  1.203600E-03,  3.141100E-03,  5.467000E-03
 4.000000E+00,  2.600000E-13,  1.027700E-04,  1.204300E-03,  3.142300E-03,  5.468800E-03
 4.100000E+00,  2.400000E-13,  1.029400E-04,  1.205100E-03,  3.143400E-03,  5.470500E-03
 4.200000E+00,  2.700000E-13,  1.031000E-04,  1.205900E-03,  3.144600E-03,  5.471800E-03
 4.300000E+00,  2.700000E-13,  1.032800E-04,  1.206700E-03,  3.145600E-03,  5.473000E-03
 4.400000E+00,  2.800000E-13,  1.035000E-04,  1.207600E-03,  3.146700E-03,  5.474100E-03
 4.500000E+00,  2.900000E-13,  1.037300E-04,  1.208500E-03,  3.147800E-03,  5.475100E-03
 4.600000E+00,  3.300000E-13,  1.040000E-04,  1.209400E-03,  3.148800E-03,  5.475900E-03
 4.700000E+00,  3.200000E-13,  1.043000E-04,  1.210500E-03,  3.149800E-03,  5.476700E-03
 4.800000E+00,  3.400000E-13,  1.046400E-04,  1.211700E-03,  3.150900E-03,  5.477400E-03
 4.900000E+00,  3.300000E-13,  1.050300E-04,  1.213000E-03,  3.152000E-03,  5.478000E-03
 5.000000E+00,  4.000000E-13,  1.054700E-04,  1.214500E-03,  3.153100E-03,  5.478600E-03
 5.100000E+00,  4.000000E-13,  1.059600E-04,  1.216200E-03,  3.154300E-03,  5.479000E-03
 5.200000E+00,  4.300000E-13,  1.065000E-04,  1.218200E-03,  3.155600E-03,  5.479500E-03
 5.300000E+00,  4.600000E-13,  1.071100E-04,  1.220400E-03,  3.157100E-03,  5.480000E-03
 5.400000E+00,  4.800000E-13,  1.077900E-04,  1.223000E-03,  3.158700E-03,  5.480400E-03
 5.500000E+00,  5.000000E-13,  1.085200E-04,  1.226000E-03,  3.160600E-03,  5.480800E-03
{Isub_Vg}
[Vgs, Ib(Vds= 2.000000E+00), Ib(Vds= 2.750000E+00), Ib(Vds= 3.500000E+00), Ib(Vds= 4.250000E+00), Ib(Vds= 5.000000E+00), Vbs= 0.000000E+00, Ref_Vs=0]
 0.000000E+00,  -3.730000E-11,  -1.210000E-11,  -1.960000E-11,  -2.280000E-12,  -1.860000E-12
 1.000000E-01,  -3.143000E-11,  -4.700000E-12,  -1.040000E-11,  -2.620000E-12,  -1.702000E-11
 2.000000E-01,  -4.559000E-11,  -8.080000E-12,  -1.840000E-12,  -7.270000E-12,  -2.030000E-12
 3.000000E-01,  -1.704000E-10,  -8.390000E-12,  -9.200000E-12,  -1.064000E-11,  -2.180000E-12
 4.000000E-01,  -1.436710E-09,  -4.420000E-12,  -2.570000E-12,  -6.170000E-12,  -8.230000E-12
 5.000000E-01,  -2.159700E-10,  -1.152000E-11,  -4.806000E-11,  -5.021000E-11,  -1.381500E-10
 6.000000E-01,  -2.371200E-10,  -3.517000E-11,  -1.370100E-10,  -4.430600E-10,  -1.163570E-09
 7.000000E-01,  -1.370000E-12,  -2.395500E-10,  -1.113670E-09,  -4.520570E-09,  -1.280290E-08
 8.000000E-01,  -7.381400E-10,  -1.556430E-09,  -7.608300E-09,  -3.325300E-08,  -9.969300E-08
 9.000000E-01,  -2.030130E-09,  -4.705620E-09,  -2.768800E-08,  -1.321940E-07,  -4.173550E-07
 1.000000E+00,  -3.189210E-09,  -7.369770E-09,  -6.171450E-08,  -3.176970E-07,  -1.055577E-06
 1.100000E+00,  -3.316530E-09,  -1.095500E-08,  -1.023849E-07,  -5.680980E-07,  -1.989440E-06
 1.200000E+00,  -4.103100E-09,  -1.341360E-08,  -1.426710E-07,  -8.461590E-07,  -3.120910E-06
 1.300000E+00,  -6.123440E-09,  -1.576910E-08,  -1.766850E-07,  -1.114958E-06,  -4.328940E-06
 1.400000E+00,  -9.265860E-09,  -1.829290E-08,  -2.015030E-07,  -1.353030E-06,  -5.533800E-06
 1.500000E+00,  -1.342700E-08,  -2.114360E-08,  -2.158620E-07,  -1.544740E-06,  -6.646460E-06
 1.600000E+00,  -1.865010E-08,  -2.486590E-08,  -2.201100E-07,  -1.674380E-06,  -7.600070E-06
 1.700000E+00,  -2.478080E-08,  -2.930940E-08,  -2.162660E-07,  -1.750130E-06,  -8.372580E-06
 1.800000E+00,  -3.109290E-08,  -3.524910E-08,  -2.063880E-07,  -1.771830E-06,  -8.931590E-06
 1.900000E+00,  -4.010970E-08,  -4.230800E-08,  -1.928450E-07,  -1.746600E-06,  -9.282460E-06
 2.000000E+00,  -4.894600E-08,  -5.069510E-08,  -1.781470E-07,  -1.682080E-06,  -9.427410E-06
 2.100000E+00,  -5.873520E-08,  -5.993530E-08,  -1.641790E-07,  -1.587580E-06,  -9.384930E-06
 2.200000E+00,  -6.951990E-08,  -7.031680E-08,  -1.524810E-07,  -1.470990E-06,  -9.178210E-06
 2.300000E+00,  -8.076110E-08,  -8.158120E-08,  -1.441610E-07,  -1.341490E-06,  -8.837770E-06
 2.400000E+00,  -9.310810E-08,  -9.361830E-08,  -1.397230E-07,  -1.204130E-06,  -8.386150E-06
 2.500000E+00,  -1.058231E-07,  -1.044126E-07,  -1.393270E-07,  -1.067210E-06,  -7.853610E-06
 2.600000E+00,  -1.196160E-07,  -1.201010E-07,  -1.423960E-07,  -9.386730E-07,  -7.270640E-06
 2.700000E+00,  -1.335820E-07,  -1.344820E-07,  -1.494070E-07,  -8.165500E-07,  -6.650730E-06
 2.800000E+00,  -1.486050E-07,  -1.495140E-07,  -1.583940E-07,  -7.075100E-07,  -6.025160E-06
 2.900000E+00,  -1.637500E-07,  -1.651460E-07,  -1.713400E-07,  -6.119730E-07,  -5.399380E-06
 3.000000E+00,  -1.807980E-07,  -1.797110E-07,  -1.850140E-07,  -5.318310E-07,  -4.792670E-06
 3.100000E+00,  -1.958880E-07,  -1.977230E-07,  -2.003110E-07,  -4.678810E-07,  -4.220640E-06
 3.200000E+00,  -2.130380E-07,  -2.154100E-07,  -2.168350E-07,  -4.182700E-07,  -3.681300E-06
 3.300000E+00,  -2.298390E-07,  -2.328180E-07,  -2.340400E-07,  -3.824220E-07,  -3.184230E-06
 3.400000E+00,  -2.447850E-07,  -2.487760E-07,  -2.518420E-07,  -3.604210E-07,  -2.737930E-06
 3.500000E+00,  -2.638480E-07,  -2.696670E-07,  -2.702980E-07,  -3.474140E-07,  -2.335830E-06
 3.600000E+00,  -2.808020E-07,  -2.883280E-07,  -2.897010E-07,  -3.415070E-07,  -1.986110E-06
 3.700000E+00,  -2.979360E-07,  -3.075810E-07,  -3.089400E-07,  -3.439080E-07,  -1.681310E-06
 3.800000E+00,  -3.127460E-07,  -3.271720E-07,  -3.292280E-07,  -3.517670E-07,  -1.423280E-06
 3.900000E+00,  -3.312390E-07,  -3.469870E-07,  -3.490250E-07,  -3.607640E-07,  -1.210400E-06
 4.000000E+00,  -3.474450E-07,  -3.641390E-07,  -3.693050E-07,  -3.791730E-07,  -1.035840E-06
 4.100000E+00,  -3.638470E-07,  -3.840890E-07,  -3.899890E-07,  -3.958910E-07,  -9.005110E-07
 4.200000E+00,  -3.794590E-07,  -4.067240E-07,  -4.113110E-07,  -4.151030E-07,  -7.934100E-07
 4.300000E+00,  -3.915020E-07,  -4.272060E-07,  -4.325570E-07,  -4.349510E-07,  -7.151550E-07
 4.400000E+00,  -4.059100E-07,  -4.474090E-07,  -4.534780E-07,  -4.552520E-07,  -6.564080E-07
 4.500000E+00,  -4.213470E-07,  -4.672670E-07,  -4.768040E-07,  -4.769580E-07,  -6.187820E-07
 4.600000E+00,  -4.392790E-07,  -4.875930E-07,  -4.969740E-07,  -4.984960E-07,  -5.971130E-07
 4.700000E+00,  -4.535270E-07,  -5.071560E-07,  -5.186980E-07,  -5.202710E-07,  -5.873440E-07
 4.800000E+00,  -4.670020E-07,  -5.266320E-07,  -5.371800E-07,  -5.435700E-07,  -5.870530E-07
 4.900000E+00,  -4.805590E-07,  -5.450130E-07,  -5.589820E-07,  -5.640750E-07,  -5.924260E-07
 5.000000E+00,  -4.937250E-07,  -5.635410E-07,  -5.810420E-07,  -5.867090E-07,  -6.041260E-07
[Vgs, Id(Vds= 2.000000E+00), Id(Vds= 2.750000E+00), Id(Vds= 3.500000E+00), Id(Vds= 4.250000E+00), Id(Vds= 5.000000E+00), Vbs= 0.000000E+00, Ref_Vs=0]
 0.000000E+00,  1.200000E-13,  1.300000E-13,  1.400000E-13,  1.300000E-13,  1.500000E-13
 1.000000E-01,  1.700000E-13,  1.700000E-13,  2.000000E-13,  2.200000E-13,  2.400000E-13
 2.000000E-01,  9.300000E-13,  9.300000E-13,  9.400000E-13,  9.700000E-13,  1.060000E-12
 3.000000E-01,  8.730000E-12,  8.760000E-12,  8.900000E-12,  9.180000E-12,  9.710000E-12
 4.000000E-01,  9.988000E-11,  1.008100E-10,  1.023900E-10,  1.051000E-10,  1.110100E-10
 5.000000E-01,  1.217740E-09,  1.226520E-09,  1.247550E-09,  1.277670E-09,  1.341020E-09
 6.000000E-01,  1.592630E-08,  1.612980E-08,  1.625260E-08,  1.670400E-08,  1.749610E-08
 7.000000E-01,  2.009330E-07,  2.031310E-07,  2.054720E-07,  2.099990E-07,  2.176620E-07
 8.000000E-01,  1.722730E-06,  1.737650E-06,  1.757920E-06,  1.780210E-06,  1.862990E-06
 9.000000E-01,  7.989480E-06,  8.058000E-06,  8.122750E-06,  8.278280E-06,  8.600270E-06
 1.000000E+00,  2.250270E-05,  2.268640E-05,  2.288260E-05,  2.326820E-05,  2.414850E-05
 1.100000E+00,  4.756380E-05,  4.792420E-05,  4.832440E-05,  4.908070E-05,  5.078290E-05
 1.200000E+00,  8.399560E-05,  8.462030E-05,  8.529280E-05,  8.649210E-05,  8.928740E-05
 1.300000E+00,  1.316550E-04,  1.326280E-04,  1.336250E-04,  1.353400E-04,  1.393920E-04
 1.400000E+00,  1.913330E-04,  1.927230E-04,  1.941000E-04,  1.963410E-04,  2.017720E-04
 1.500000E+00,  2.625340E-04,  2.644550E-04,  2.662490E-04,  2.690370E-04,  2.758600E-04
 1.600000E+00,  3.443730E-04,  3.468450E-04,  3.491150E-04,  3.524580E-04,  3.605950E-04
 1.700000E+00,  4.378460E-04,  4.409860E-04,  4.437510E-04,  4.476390E-04,  4.569880E-04
 1.800000E+00,  5.412620E-04,  5.451060E-04,  5.484160E-04,  5.528010E-04,  5.632150E-04
 1.900000E+00,  6.557900E-04,  6.603960E-04,  6.642950E-04,  6.691590E-04,  6.805190E-04
 2.000000E+00,  7.803310E-04,  7.857990E-04,  7.902590E-04,  7.956010E-04,  8.076640E-04
 2.100000E+00,  9.133610E-04,  9.197450E-04,  9.248410E-04,  9.305790E-04,  9.432100E-04
 2.200000E+00,  1.056635E-03,  1.064003E-03,  1.069687E-03,  1.075870E-03,  1.088870E-03
 2.300000E+00,  1.207440E-03,  1.215900E-03,  1.222260E-03,  1.228800E-03,  1.242020E-03
 2.400000E+00,  1.367570E-03,  1.377220E-03,  1.384210E-03,  1.391140E-03,  1.404380E-03
 2.500000E+00,  1.535750E-03,  1.546660E-03,  1.554360E-03,  1.561570E-03,  1.574810E-03
 2.600000E+00,  1.709960E-03,  1.722290E-03,  1.730690E-03,  1.738270E-03,  1.751300E-03
 2.700000E+00,  1.892410E-03,  1.906490E-03,  1.915550E-03,  1.923440E-03,  1.936230E-03
 2.800000E+00,  2.079740E-03,  2.095980E-03,  2.105750E-03,  2.113900E-03,  2.126330E-03
 2.900000E+00,  2.274310E-03,  2.293150E-03,  2.303700E-03,  2.312090E-03,  2.324120E-03
 3.000000E+00,  2.473890E-03,  2.496310E-03,  2.507610E-03,  2.516200E-03,  2.527870E-03
 3.100000E+00,  2.676010E-03,  2.703370E-03,  2.715510E-03,  2.724300E-03,  2.735470E-03
 3.200000E+00,  2.882420E-03,  2.916850E-03,  2.929870E-03,  2.938890E-03,  2.949550E-03
 3.300000E+00,  3.090510E-03,  3.135150E-03,  3.149100E-03,  3.158370E-03,  3.168500E-03
 3.400000E+00,  3.297250E-03,  3.356020E-03,  3.371100E-03,  3.380580E-03,  3.390160E-03
 3.500000E+00,  3.504590E-03,  3.582490E-03,  3.598860E-03,  3.608480E-03,  3.617540E-03
 3.600000E+00,  3.708260E-03,  3.810620E-03,  3.828540E-03,  3.838360E-03,  3.846870E-03
 3.700000E+00,  3.910710E-03,  4.043530E-03,  4.063420E-03,  4.073430E-03,  4.081420E-03
 3.800000E+00,  4.109660E-03,  4.278830E-03,  4.301390E-03,  4.311590E-03,  4.319070E-03
 3.900000E+00,  4.303330E-03,  4.514410E-03,  4.540340E-03,  4.550750E-03,  4.557730E-03
 4.000000E+00,  4.494120E-03,  4.752700E-03,  4.783220E-03,  4.794010E-03,  4.800390E-03
 4.100000E+00,  4.679430E-03,  4.989950E-03,  5.026680E-03,  5.037810E-03,  5.043810E-03
 4.200000E+00,  4.861610E-03,  5.228630E-03,  5.273860E-03,  5.285470E-03,  5.290950E-03
 4.300000E+00,  5.039520E-03,  5.466350E-03,  5.522890E-03,  5.535240E-03,  5.540210E-03
 4.400000E+00,  5.211370E-03,  5.700080E-03,  5.771090E-03,  5.784230E-03,  5.788750E-03
 4.500000E+00,  5.379930E-03,  5.932890E-03,  6.022190E-03,  6.036510E-03,  6.040640E-03
 4.600000E+00,  5.542560E-03,  6.160430E-03,  6.272070E-03,  6.287960E-03,  6.291700E-03
 4.700000E+00,  5.701860E-03,  6.385720E-03,  6.524150E-03,  6.542250E-03,  6.545570E-03
 4.800000E+00,  5.856400E-03,  6.606660E-03,  6.776160E-03,  6.797050E-03,  6.800150E-03
 4.900000E+00,  6.005340E-03,  6.821320E-03,  7.025960E-03,  7.050600E-03,  7.053530E-03
 5.000000E+00,  6.150890E-03,  7.032800E-03,  7.276680E-03,  7.306380E-03,  7.309240E-03
