ObjInfo{}
Version{2.0}
ModelType{DC}
DataType{NMOS}
Delimitor{,}
Workingmode{FORWARD}
Instance{L= 6.000000E-01, W= 2.000000E+00, T= 2.500000E+01}
Input{Vgs, Vbs, Vds}
Output{Id}
{Id_Vg}
[Vgs, Id(Vbs= 0.000000E+00), Id(Vbs= -1.250000E+00), Id(Vbs= -2.500000E+00), Id(Vbs= -3.750000E+00), Id(Vbs= -5.000000E+00), Vds= 1.000000E-01, Ref_Vs=0]
 0.000000E+00,  9.000000E-14,  1.700000E-13,  1.600000E-13,  1.500000E-13,  1.600000E-13
 1.000000E-01,  8.000000E-14,  1.200000E-13,  1.100000E-13,  1.000000E-13,  1.000000E-13
 2.000000E-01,  1.600000E-13,  9.000000E-14,  8.000000E-14,  9.000000E-14,  9.000000E-14
 3.000000E-01,  1.000000E-12,  1.000000E-13,  9.000000E-14,  1.100000E-13,  9.000000E-14
 4.000000E-01,  1.060000E-11,  9.000000E-14,  6.000000E-14,  9.000000E-14,  1.000000E-13
 5.000000E-01,  1.289100E-10,  1.000000E-13,  9.000000E-14,  1.000000E-13,  8.000000E-14
 6.000000E-01,  1.686800E-09,  2.800000E-13,  7.000000E-14,  8.000000E-14,  8.000000E-14
 7.000000E-01,  2.187200E-08,  5.220000E-12,  1.500000E-13,  1.000000E-13,  7.000000E-14
 8.000000E-01,  2.212400E-07,  1.189600E-10,  2.010000E-12,  1.500000E-13,  1.000000E-13
 9.000000E-01,  1.221300E-06,  2.613100E-09,  4.958000E-11,  2.230000E-12,  2.000000E-13
 1.000000E+00,  3.442700E-06,  4.673200E-08,  1.141900E-09,  5.429000E-11,  3.700000E-12
 1.100000E+00,  6.476300E-06,  4.784200E-07,  2.298100E-08,  1.150000E-09,  9.207000E-11
 1.200000E+00,  9.729500E-06,  2.066100E-06,  2.837200E-07,  2.566500E-08,  2.142200E-09
 1.300000E+00,  1.288200E-05,  4.765800E-06,  1.470500E-06,  2.973300E-07,  3.913000E-08
 1.400000E+00,  1.589500E-05,  7.977100E-06,  3.857100E-06,  1.492400E-06,  4.038600E-07
 1.500000E+00,  1.873000E-05,  1.124200E-05,  6.886600E-06,  3.826900E-06,  1.752800E-06
 1.600000E+00,  2.137600E-05,  1.434100E-05,  1.005000E-05,  6.752300E-06,  4.128100E-06
 1.700000E+00,  2.390000E-05,  1.727200E-05,  1.317400E-05,  9.857300E-06,  7.049400E-06
 1.800000E+00,  2.627600E-05,  1.999000E-05,  1.611600E-05,  1.289300E-05,  1.007200E-05
 1.900000E+00,  2.854800E-05,  2.256200E-05,  1.890200E-05,  1.582400E-05,  1.305700E-05
 2.000000E+00,  3.071700E-05,  2.498700E-05,  2.151200E-05,  1.858900E-05,  1.592400E-05
 2.100000E+00,  3.277900E-05,  2.726000E-05,  2.394300E-05,  2.117000E-05,  1.862600E-05
 2.200000E+00,  3.476100E-05,  2.943900E-05,  2.625600E-05,  2.361800E-05,  2.119700E-05
 2.300000E+00,  3.665100E-05,  3.149900E-05,  2.843200E-05,  2.590600E-05,  2.359900E-05
 2.400000E+00,  3.848400E-05,  3.347800E-05,  3.051500E-05,  2.808500E-05,  2.588300E-05
 2.500000E+00,  4.023800E-05,  3.537200E-05,  3.249800E-05,  3.015600E-05,  2.804600E-05
 2.600000E+00,  4.192200E-05,  3.717600E-05,  3.438100E-05,  3.211500E-05,  3.007700E-05
 2.700000E+00,  4.356100E-05,  3.891900E-05,  3.619600E-05,  3.399400E-05,  3.202900E-05
 2.800000E+00,  4.511700E-05,  4.057900E-05,  3.792000E-05,  3.577900E-05,  3.387900E-05
 2.900000E+00,  4.663500E-05,  4.219300E-05,  3.959000E-05,  3.750600E-05,  3.565200E-05
 3.000000E+00,  4.810600E-05,  4.374300E-05,  4.119500E-05,  3.915000E-05,  3.735300E-05
 3.100000E+00,  4.950500E-05,  4.522200E-05,  4.272100E-05,  4.072600E-05,  3.897300E-05
 3.200000E+00,  5.087200E-05,  4.665600E-05,  4.420000E-05,  4.225000E-05,  4.053500E-05
 3.300000E+00,  5.219600E-05,  4.804000E-05,  4.563400E-05,  4.370900E-05,  4.203100E-05
 3.400000E+00,  5.345300E-05,  4.936300E-05,  4.699000E-05,  4.510800E-05,  4.346500E-05
 3.500000E+00,  5.469100E-05,  5.065200E-05,  4.831500E-05,  4.646800E-05,  4.485100E-05
 3.600000E+00,  5.587800E-05,  5.189000E-05,  4.958700E-05,  4.775900E-05,  4.617400E-05
 3.700000E+00,  5.702600E-05,  5.308300E-05,  5.081100E-05,  4.901800E-05,  4.746700E-05
 3.800000E+00,  5.814200E-05,  5.424200E-05,  5.199600E-05,  5.023300E-05,  4.870600E-05
 3.900000E+00,  5.921500E-05,  5.535800E-05,  5.313700E-05,  5.139100E-05,  4.988600E-05
 4.000000E+00,  6.025200E-05,  5.643000E-05,  5.423900E-05,  5.252100E-05,  5.104500E-05
 4.100000E+00,  6.125100E-05,  5.746300E-05,  5.529500E-05,  5.360600E-05,  5.215300E-05
 4.200000E+00,  6.222600E-05,  5.847300E-05,  5.632800E-05,  5.464700E-05,  5.321700E-05
 4.300000E+00,  6.316400E-05,  5.944000E-05,  5.731700E-05,  5.566100E-05,  5.424100E-05
 4.400000E+00,  6.406100E-05,  6.037600E-05,  5.826600E-05,  5.663400E-05,  5.522900E-05
 4.500000E+00,  6.494900E-05,  6.129500E-05,  5.919800E-05,  5.757000E-05,  5.618600E-05
 4.600000E+00,  6.578700E-05,  6.215800E-05,  6.007700E-05,  5.847000E-05,  5.710800E-05
 4.700000E+00,  6.660400E-05,  6.300500E-05,  6.093900E-05,  5.935600E-05,  5.800900E-05
 4.800000E+00,  6.740600E-05,  6.383200E-05,  6.178400E-05,  6.019500E-05,  5.887000E-05
 4.900000E+00,  6.816300E-05,  6.460700E-05,  6.256700E-05,  6.100800E-05,  5.969200E-05
 5.000000E+00,  6.890600E-05,  6.537500E-05,  6.335200E-05,  6.181000E-05,  6.050400E-05
[Vgs, Id(Vbs= 0.000000E+00), Id(Vbs= -1.250000E+00), Id(Vbs= -2.500000E+00), Id(Vbs= -3.750000E+00), Id(Vbs= -5.000000E+00), Vds= 5.500000E+00, Ref_Vs=0]
 0.000000E+00,  7.000000E-14,  8.000000E-14,  1.000000E-13,  9.000000E-14,  1.400000E-13
 1.000000E-01,  9.000000E-14,  7.000000E-14,  1.000000E-13,  1.000000E-13,  1.400000E-13
 2.000000E-01,  2.800000E-13,  9.000000E-14,  7.000000E-14,  1.000000E-13,  1.300000E-13
 3.000000E-01,  2.440000E-12,  7.000000E-14,  8.000000E-14,  1.000000E-13,  1.200000E-13
 4.000000E-01,  2.984000E-11,  9.000000E-14,  6.000000E-14,  9.000000E-14,  1.300000E-13
 5.000000E-01,  4.059400E-10,  4.200000E-13,  9.000000E-14,  9.000000E-14,  1.300000E-13
 6.000000E-01,  5.960200E-09,  8.930000E-12,  3.800000E-13,  1.100000E-13,  1.300000E-13
 7.000000E-01,  8.261800E-08,  2.271800E-10,  8.270000E-12,  5.700000E-13,  1.700000E-13
 8.000000E-01,  7.917900E-07,  5.266200E-09,  2.111200E-10,  1.308000E-11,  1.120000E-12
 9.000000E-01,  3.887000E-06,  1.005400E-07,  5.129300E-09,  3.443000E-10,  2.806000E-11
 1.000000E+00,  1.069700E-05,  1.045100E-06,  9.691600E-08,  8.012600E-09,  7.135300E-10
 1.100000E+00,  2.121000E-05,  4.825000E-06,  1.014000E-06,  1.453700E-07,  1.629000E-08
 1.200000E+00,  3.468900E-05,  1.255300E-05,  4.634000E-06,  1.315600E-06,  2.606400E-07
 1.300000E+00,  5.031900E-05,  2.381500E-05,  1.196600E-05,  5.299300E-06,  1.875300E-06
 1.400000E+00,  6.782700E-05,  3.807700E-05,  2.285200E-05,  1.297800E-05,  6.571400E-06
 1.500000E+00,  8.671500E-05,  5.454300E-05,  3.662800E-05,  2.398000E-05,  1.482000E-05
 1.600000E+00,  1.065100E-04,  7.252600E-05,  5.252400E-05,  3.758400E-05,  2.607900E-05
 1.700000E+00,  1.273200E-04,  9.192100E-05,  7.026800E-05,  5.345600E-05,  3.995600E-05
 1.800000E+00,  1.486600E-04,  1.121500E-04,  8.918500E-05,  7.090000E-05,  5.573900E-05
 1.900000E+00,  1.706900E-04,  1.333200E-04,  1.092600E-04,  8.977600E-05,  7.326300E-05
 2.000000E+00,  1.931900E-04,  1.551000E-04,  1.301500E-04,  1.096700E-04,  9.205900E-05
 2.100000E+00,  2.158500E-04,  1.771900E-04,  1.514700E-04,  1.301900E-04,  1.116700E-04
 2.200000E+00,  2.389900E-04,  1.998700E-04,  1.734800E-04,  1.514900E-04,  1.322300E-04
 2.300000E+00,  2.621900E-04,  2.226700E-04,  1.957200E-04,  1.731300E-04,  1.532300E-04
 2.400000E+00,  2.857600E-04,  2.459000E-04,  2.184300E-04,  1.953200E-04,  1.748700E-04
 2.500000E+00,  3.095100E-04,  2.693700E-04,  2.414200E-04,  2.178400E-04,  1.969200E-04
 2.600000E+00,  3.332100E-04,  2.928100E-04,  2.644700E-04,  2.404800E-04,  2.191100E-04
 2.700000E+00,  3.572200E-04,  3.165900E-04,  2.878700E-04,  2.634800E-04,  2.417300E-04
 2.800000E+00,  3.811300E-04,  3.402900E-04,  3.112400E-04,  2.865100E-04,  2.644100E-04
 2.900000E+00,  4.053100E-04,  3.642500E-04,  3.349000E-04,  3.098500E-04,  2.874100E-04
 3.000000E+00,  4.295500E-04,  3.883100E-04,  3.586600E-04,  3.333100E-04,  3.105600E-04
 3.100000E+00,  4.536400E-04,  4.122600E-04,  3.823300E-04,  3.567000E-04,  3.336600E-04
 3.200000E+00,  4.779600E-04,  4.364200E-04,  4.062200E-04,  3.803100E-04,  3.570100E-04
 3.300000E+00,  5.023100E-04,  4.606200E-04,  4.301600E-04,  4.040000E-04,  3.804500E-04
 3.400000E+00,  5.265100E-04,  4.846800E-04,  4.539700E-04,  4.275500E-04,  4.037800E-04
 3.500000E+00,  5.509100E-04,  5.089400E-04,  4.780100E-04,  4.513300E-04,  4.273500E-04
 3.600000E+00,  5.751300E-04,  5.330300E-04,  5.018600E-04,  4.749600E-04,  4.507600E-04
 3.700000E+00,  5.995400E-04,  5.573100E-04,  5.259300E-04,  4.988000E-04,  4.743900E-04
 3.800000E+00,  6.239500E-04,  5.815900E-04,  5.499900E-04,  5.226600E-04,  4.980200E-04
 3.900000E+00,  6.481700E-04,  6.056900E-04,  5.738800E-04,  5.463600E-04,  5.215000E-04
 4.000000E+00,  6.725100E-04,  6.299200E-04,  5.979000E-04,  5.701800E-04,  5.451500E-04
 4.100000E+00,  6.966700E-04,  6.539700E-04,  6.217400E-04,  5.938600E-04,  5.686400E-04
 4.200000E+00,  7.209900E-04,  6.781800E-04,  6.457600E-04,  6.177000E-04,  5.922900E-04
 4.300000E+00,  7.453100E-04,  7.023900E-04,  6.697900E-04,  6.415500E-04,  6.159600E-04
 4.400000E+00,  7.693600E-04,  7.263400E-04,  6.935600E-04,  6.651500E-04,  6.393800E-04
 4.500000E+00,  7.935600E-04,  7.504500E-04,  7.175000E-04,  6.889000E-04,  6.629900E-04
 4.600000E+00,  8.175200E-04,  7.743200E-04,  7.412000E-04,  7.124300E-04,  6.863600E-04
 4.700000E+00,  8.416100E-04,  7.983200E-04,  7.650200E-04,  7.361000E-04,  7.098700E-04
 4.800000E+00,  8.656400E-04,  8.222500E-04,  7.887900E-04,  7.597100E-04,  7.333300E-04
 4.900000E+00,  8.894300E-04,  8.459600E-04,  8.123400E-04,  7.831000E-04,  7.565600E-04
 5.000000E+00,  9.133300E-04,  8.697700E-04,  8.360100E-04,  8.066100E-04,  7.799300E-04
{id_vd}
[Vds, Id(Vgs= 1.046000E+00), Id(Vgs= 2.034000E+00), Id(Vgs= 3.022000E+00), Id(Vgs= 4.010000E+00), Id(Vgs= 4.998000E+00), Vbs= 0.000000E+00, Ref_Vs=0]
 0.000000E+00,  2.849300E-08,  1.430000E-07,  2.148900E-07,  2.628600E-07,  2.984200E-07
 1.000000E-01,  4.779400E-06,  3.118600E-05,  4.796500E-05,  5.979300E-05,  6.827400E-05
 2.000000E-01,  6.596700E-06,  5.934700E-05,  9.378600E-05,  1.180000E-04,  1.353300E-04
 3.000000E-01,  7.231000E-06,  8.392000E-05,  1.367800E-04,  1.738200E-04,  2.004000E-04
 4.000000E-01,  7.562900E-06,  1.044800E-04,  1.762500E-04,  2.265200E-04,  2.626700E-04
 5.000000E-01,  7.811300E-06,  1.211900E-04,  2.124400E-04,  2.764900E-04,  3.226000E-04
 6.000000E-01,  8.018700E-06,  1.340100E-04,  2.448200E-04,  3.230200E-04,  3.795500E-04
 7.000000E-01,  8.202700E-06,  1.432900E-04,  2.730000E-04,  3.655400E-04,  4.327000E-04
 8.000000E-01,  8.370200E-06,  1.498200E-04,  2.974500E-04,  4.045700E-04,  4.826900E-04
 9.000000E-01,  8.526700E-06,  1.542600E-04,  3.179200E-04,  4.395000E-04,  5.287300E-04
 1.000000E+00,  8.675600E-06,  1.573900E-04,  3.349800E-04,  4.709200E-04,  5.714800E-04
 1.100000E+00,  8.817100E-06,  1.596900E-04,  3.487800E-04,  4.986200E-04,  6.105500E-04
 1.200000E+00,  8.954500E-06,  1.614700E-04,  3.596300E-04,  5.226200E-04,  6.457700E-04
 1.300000E+00,  9.086100E-06,  1.629600E-04,  3.681800E-04,  5.434900E-04,  6.778600E-04
 1.400000E+00,  9.215200E-06,  1.642300E-04,  3.747400E-04,  5.611900E-04,  7.063400E-04
 1.500000E+00,  9.341400E-06,  1.653600E-04,  3.798600E-04,  5.762400E-04,  7.319500E-04
 1.600000E+00,  9.464300E-06,  1.663900E-04,  3.838600E-04,  5.887900E-04,  7.545800E-04
 1.700000E+00,  9.585700E-06,  1.673300E-04,  3.870400E-04,  5.991500E-04,  7.743700E-04
 1.800000E+00,  9.706000E-06,  1.682200E-04,  3.896600E-04,  6.077300E-04,  7.917900E-04
 1.900000E+00,  9.824800E-06,  1.690500E-04,  3.918600E-04,  6.147100E-04,  8.068000E-04
 2.000000E+00,  9.940800E-06,  1.698600E-04,  3.937700E-04,  6.204800E-04,  8.198500E-04
 2.100000E+00,  1.005700E-05,  1.706200E-04,  3.954600E-04,  6.252200E-04,  8.310200E-04
 2.200000E+00,  1.017100E-05,  1.713500E-04,  3.969700E-04,  6.291500E-04,  8.405000E-04
 2.300000E+00,  1.028400E-05,  1.720700E-04,  3.983600E-04,  6.324700E-04,  8.486300E-04
 2.400000E+00,  1.039600E-05,  1.727600E-04,  3.996300E-04,  6.352800E-04,  8.554600E-04
 2.500000E+00,  1.050700E-05,  1.734400E-04,  4.008300E-04,  6.377400E-04,  8.613400E-04
 2.600000E+00,  1.061900E-05,  1.741000E-04,  4.019500E-04,  6.399100E-04,  8.663300E-04
 2.700000E+00,  1.072800E-05,  1.747400E-04,  4.030100E-04,  6.418200E-04,  8.705800E-04
 2.800000E+00,  1.083800E-05,  1.753700E-04,  4.040400E-04,  6.435600E-04,  8.742600E-04
 2.900000E+00,  1.094700E-05,  1.759900E-04,  4.050100E-04,  6.451500E-04,  8.774300E-04
 3.000000E+00,  1.105600E-05,  1.766000E-04,  4.059700E-04,  6.466200E-04,  8.802900E-04
 3.100000E+00,  1.116600E-05,  1.772000E-04,  4.068900E-04,  6.479900E-04,  8.827800E-04
 3.200000E+00,  1.127700E-05,  1.778000E-04,  4.077700E-04,  6.492600E-04,  8.849700E-04
 3.300000E+00,  1.138800E-05,  1.783900E-04,  4.086400E-04,  6.504700E-04,  8.869700E-04
 3.400000E+00,  1.149900E-05,  1.789800E-04,  4.094900E-04,  6.516100E-04,  8.887800E-04
 3.500000E+00,  1.161500E-05,  1.795800E-04,  4.103300E-04,  6.527100E-04,  8.904500E-04
 3.600000E+00,  1.173000E-05,  1.801700E-04,  4.111500E-04,  6.537700E-04,  8.919800E-04
 3.700000E+00,  1.184700E-05,  1.807700E-04,  4.119700E-04,  6.547700E-04,  8.934000E-04
 3.800000E+00,  1.197000E-05,  1.814000E-04,  4.127700E-04,  6.557600E-04,  8.947500E-04
 3.900000E+00,  1.209500E-05,  1.820200E-04,  4.136100E-04,  6.567000E-04,  8.959900E-04
 4.000000E+00,  1.222400E-05,  1.826800E-04,  4.144300E-04,  6.576400E-04,  8.971900E-04
 4.100000E+00,  1.235900E-05,  1.833600E-04,  4.152500E-04,  6.585600E-04,  8.983200E-04
 4.200000E+00,  1.249700E-05,  1.840900E-04,  4.161000E-04,  6.594600E-04,  8.994000E-04
 4.300000E+00,  1.264500E-05,  1.848500E-04,  4.169700E-04,  6.603500E-04,  9.004400E-04
 4.400000E+00,  1.279700E-05,  1.856600E-04,  4.178500E-04,  6.612600E-04,  9.014400E-04
 4.500000E+00,  1.295800E-05,  1.865200E-04,  4.188000E-04,  6.621600E-04,  9.024100E-04
 4.600000E+00,  1.312800E-05,  1.874600E-04,  4.198200E-04,  6.630900E-04,  9.033600E-04
 4.700000E+00,  1.330500E-05,  1.884700E-04,  4.209000E-04,  6.640400E-04,  9.042900E-04
 4.800000E+00,  1.349200E-05,  1.895600E-04,  4.220700E-04,  6.650500E-04,  9.052200E-04
 4.900000E+00,  1.369100E-05,  1.907600E-04,  4.233700E-04,  6.661000E-04,  9.061500E-04
 5.000000E+00,  1.389600E-05,  1.920600E-04,  4.247500E-04,  6.672100E-04,  9.070900E-04
 5.100000E+00,  1.411700E-05,  1.934800E-04,  4.263000E-04,  6.684300E-04,  9.080700E-04
 5.200000E+00,  1.434300E-05,  1.950200E-04,  4.280000E-04,  6.697400E-04,  9.090700E-04
 5.300000E+00,  1.458600E-05,  1.967000E-04,  4.298900E-04,  6.711900E-04,  9.101300E-04
 5.400000E+00,  1.484200E-05,  1.984900E-04,  4.319800E-04,  6.727900E-04,  9.112600E-04
 5.500000E+00,  1.510500E-05,  2.004400E-04,  4.342700E-04,  6.745400E-04,  9.124700E-04
[Vds, Id(Vgs= 1.046000E+00), Id(Vgs= 2.034000E+00), Id(Vgs= 3.022000E+00), Id(Vgs= 4.010000E+00), Id(Vgs= 4.998000E+00), Vbs= -5.000000E+00, Ref_Vs=0]
 0.000000E+00,  6.500000E-13,  2.575100E-07,  6.038900E-07,  8.442000E-07,  1.053200E-06
 1.000000E-01,  1.646000E-11,  1.676000E-05,  3.735000E-05,  5.061200E-05,  5.985900E-05
 2.000000E-01,  1.988000E-11,  3.026500E-05,  7.227300E-05,  9.921800E-05,  1.179800E-04
 3.000000E-01,  2.317000E-11,  4.053100E-05,  1.045700E-04,  1.457600E-04,  1.743900E-04
 4.000000E-01,  2.673000E-11,  4.777400E-05,  1.336700E-04,  1.895200E-04,  2.283700E-04
 5.000000E-01,  3.065000E-11,  5.268000E-05,  1.596700E-04,  2.307600E-04,  2.802800E-04
 6.000000E-01,  3.490000E-11,  5.593400E-05,  1.822000E-04,  2.689100E-04,  3.295000E-04
 7.000000E-01,  3.950000E-11,  5.818600E-05,  2.010600E-04,  3.034200E-04,  3.753100E-04
 8.000000E-01,  4.457000E-11,  5.991400E-05,  2.166900E-04,  3.347700E-04,  4.183100E-04
 9.000000E-01,  5.003000E-11,  6.132200E-05,  2.291400E-04,  3.624600E-04,  4.577100E-04
 1.000000E+00,  5.602000E-11,  6.255700E-05,  2.390000E-04,  3.870000E-04,  4.941600E-04
 1.100000E+00,  6.256000E-11,  6.366200E-05,  2.466100E-04,  4.082600E-04,  5.272800E-04
 1.200000E+00,  6.960000E-11,  6.467400E-05,  2.524300E-04,  4.263400E-04,  5.569800E-04
 1.300000E+00,  7.733000E-11,  6.562400E-05,  2.569800E-04,  4.417300E-04,  5.837900E-04
 1.400000E+00,  8.576000E-11,  6.651600E-05,  2.605700E-04,  4.545200E-04,  6.074800E-04
 1.500000E+00,  9.498000E-11,  6.736800E-05,  2.635100E-04,  4.651800E-04,  6.285800E-04
 1.600000E+00,  1.050200E-10,  6.818600E-05,  2.659800E-04,  4.739000E-04,  6.470100E-04
 1.700000E+00,  1.159300E-10,  6.896100E-05,  2.681100E-04,  4.810200E-04,  6.629800E-04
 1.800000E+00,  1.278600E-10,  6.972000E-05,  2.700100E-04,  4.869000E-04,  6.769000E-04
 1.900000E+00,  1.408200E-10,  7.045800E-05,  2.717200E-04,  4.917100E-04,  6.887700E-04
 2.000000E+00,  1.549900E-10,  7.117700E-05,  2.732900E-04,  4.957500E-04,  6.990000E-04
 2.100000E+00,  1.705000E-10,  7.188500E-05,  2.747500E-04,  4.991500E-04,  7.076900E-04
 2.200000E+00,  1.871400E-10,  7.257500E-05,  2.761200E-04,  5.020500E-04,  7.150200E-04
 2.300000E+00,  2.053700E-10,  7.325700E-05,  2.774100E-04,  5.046100E-04,  7.212900E-04
 2.400000E+00,  2.250600E-10,  7.392600E-05,  2.786400E-04,  5.068500E-04,  7.265700E-04
 2.500000E+00,  2.465600E-10,  7.459600E-05,  2.798200E-04,  5.089000E-04,  7.311500E-04
 2.600000E+00,  2.698200E-10,  7.525200E-05,  2.809800E-04,  5.107600E-04,  7.350900E-04
 2.700000E+00,  2.949800E-10,  7.590200E-05,  2.820700E-04,  5.124600E-04,  7.384500E-04
 2.800000E+00,  3.224300E-10,  7.655300E-05,  2.831600E-04,  5.140600E-04,  7.414500E-04
 2.900000E+00,  3.518500E-10,  7.718100E-05,  2.842000E-04,  5.155400E-04,  7.440800E-04
 3.000000E+00,  3.842500E-10,  7.782100E-05,  2.852400E-04,  5.169700E-04,  7.464500E-04
 3.100000E+00,  4.191400E-10,  7.845600E-05,  2.862400E-04,  5.183100E-04,  7.486000E-04
 3.200000E+00,  4.568400E-10,  7.908100E-05,  2.872400E-04,  5.196000E-04,  7.505500E-04
 3.300000E+00,  4.978000E-10,  7.970600E-05,  2.882100E-04,  5.208400E-04,  7.523600E-04
 3.400000E+00,  5.418200E-10,  8.033000E-05,  2.891700E-04,  5.220300E-04,  7.540300E-04
 3.500000E+00,  5.900200E-10,  8.095700E-05,  2.901200E-04,  5.232100E-04,  7.556100E-04
 3.600000E+00,  6.420700E-10,  8.158500E-05,  2.910700E-04,  5.243400E-04,  7.570900E-04
 3.700000E+00,  6.981800E-10,  8.221100E-05,  2.920100E-04,  5.254400E-04,  7.584900E-04
 3.800000E+00,  7.594600E-10,  8.285600E-05,  2.929500E-04,  5.265300E-04,  7.598400E-04
 3.900000E+00,  8.252300E-10,  8.349900E-05,  2.938800E-04,  5.275900E-04,  7.611100E-04
 4.000000E+00,  8.972100E-10,  8.416200E-05,  2.948300E-04,  5.286400E-04,  7.623500E-04
 4.100000E+00,  9.755600E-10,  8.484400E-05,  2.957800E-04,  5.296700E-04,  7.635500E-04
 4.200000E+00,  1.059300E-09,  8.553300E-05,  2.967500E-04,  5.307100E-04,  7.647000E-04
 4.300000E+00,  1.151300E-09,  8.625600E-05,  2.977400E-04,  5.317400E-04,  7.658200E-04
 4.400000E+00,  1.251700E-09,  8.701000E-05,  2.987800E-04,  5.327800E-04,  7.669300E-04
 4.500000E+00,  1.359400E-09,  8.778500E-05,  2.998400E-04,  5.338200E-04,  7.680000E-04
 4.600000E+00,  1.477900E-09,  8.860700E-05,  3.009600E-04,  5.348900E-04,  7.690600E-04
 4.700000E+00,  1.605300E-09,  8.946900E-05,  3.021400E-04,  5.359900E-04,  7.701000E-04
 4.800000E+00,  1.745000E-09,  9.038600E-05,  3.033900E-04,  5.371200E-04,  7.711500E-04
 4.900000E+00,  1.896900E-09,  9.135700E-05,  3.047400E-04,  5.383100E-04,  7.721900E-04
 5.000000E+00,  2.061200E-09,  9.238200E-05,  3.061800E-04,  5.395600E-04,  7.732700E-04
 5.100000E+00,  2.241500E-09,  9.347300E-05,  3.077600E-04,  5.409000E-04,  7.744000E-04
 5.200000E+00,  2.435600E-09,  9.462900E-05,  3.094400E-04,  5.423300E-04,  7.755400E-04
 5.300000E+00,  2.649300E-09,  9.586500E-05,  3.113000E-04,  5.438900E-04,  7.767400E-04
 5.400000E+00,  2.880800E-09,  9.718100E-05,  3.133200E-04,  5.455900E-04,  7.780000E-04
 5.500000E+00,  3.131100E-09,  9.856400E-05,  3.154700E-04,  5.474400E-04,  7.793500E-04
{Isub_Vg}
[Vgs, Ib(Vds= 2.000000E+00), Ib(Vds= 2.750000E+00), Ib(Vds= 3.500000E+00), Ib(Vds= 4.250000E+00), Ib(Vds= 5.000000E+00), Vbs= 0.000000E+00, Ref_Vs=0]
 0.000000E+00,  -4.550000E-11,  -1.600000E-12,  -8.300000E-12,  -7.000000E-12,  -3.490000E-12
 1.000000E-01,  -4.961000E-11,  -2.280000E-12,  -4.220000E-12,  -3.330000E-12,  -2.250000E-12
 2.000000E-01,  -8.149000E-11,  -7.300000E-13,  -3.360000E-12,  -2.720000E-12,  -3.830000E-12
 3.000000E-01,  -4.868800E-10,  -5.880000E-12,  -1.250000E-12,  -4.340000E-12,  -4.650000E-12
 4.000000E-01,  -4.392500E-10,  -9.640000E-12,  -2.684000E-11,  -3.599000E-11,  -2.959000E-11
 5.000000E-01,  -4.479600E-10,  -1.610000E-12,  -4.850000E-12,  -1.920000E-12,  -2.573000E-11
 6.000000E-01,  -1.695900E-10,  -5.132000E-11,  -5.693000E-11,  -1.732400E-10,  -4.340900E-10
 7.000000E-01,  -2.425900E-10,  -3.078600E-10,  -5.740600E-10,  -1.733530E-09,  -4.968640E-09
 8.000000E-01,  -1.667690E-09,  -1.885590E-09,  -4.022360E-09,  -1.367220E-08,  -4.267900E-08
 9.000000E-01,  -2.830020E-09,  -3.891120E-09,  -1.122171E-08,  -5.801210E-08,  -1.909670E-07
 1.000000E+00,  -2.384760E-09,  -4.624660E-09,  -2.746860E-08,  -1.420870E-07,  -4.862800E-07
 1.100000E+00,  -3.160980E-09,  -6.602000E-09,  -4.675370E-08,  -2.542560E-07,  -8.946380E-07
 1.200000E+00,  -3.819070E-09,  -8.647070E-09,  -6.579630E-08,  -3.732880E-07,  -1.353260E-06
 1.300000E+00,  -4.400970E-09,  -9.411200E-09,  -8.178340E-08,  -4.848110E-07,  -1.814360E-06
 1.400000E+00,  -4.951720E-09,  -1.018280E-08,  -9.424730E-08,  -5.830170E-07,  -2.254590E-06
 1.500000E+00,  -5.342160E-09,  -1.050950E-08,  -1.026602E-07,  -6.636450E-07,  -2.650240E-06
 1.600000E+00,  -5.845880E-09,  -1.046770E-08,  -1.075110E-07,  -7.252640E-07,  -2.990670E-06
 1.700000E+00,  -6.189780E-09,  -1.057910E-08,  -1.090680E-07,  -7.689300E-07,  -3.276700E-06
 1.800000E+00,  -6.206900E-09,  -1.038990E-08,  -1.081180E-07,  -7.956810E-07,  -3.501600E-06
 1.900000E+00,  -6.510100E-09,  -1.011800E-08,  -1.048410E-07,  -8.073800E-07,  -3.670190E-06
 2.000000E+00,  -7.176400E-09,  -1.010560E-08,  -1.002390E-07,  -8.059170E-07,  -3.783120E-06
 2.100000E+00,  -7.565700E-09,  -1.000210E-08,  -9.425770E-08,  -7.933310E-07,  -3.845760E-06
 2.200000E+00,  -8.041400E-09,  -1.005780E-08,  -8.779740E-08,  -7.716940E-07,  -3.862480E-06
 2.300000E+00,  -8.509000E-09,  -1.026480E-08,  -8.081560E-08,  -7.430050E-07,  -3.838250E-06
 2.400000E+00,  -8.923400E-09,  -1.023550E-08,  -7.387950E-08,  -7.087190E-07,  -3.782040E-06
 2.500000E+00,  -9.361100E-09,  -9.523200E-09,  -6.716480E-08,  -6.704940E-07,  -3.697060E-06
 2.600000E+00,  -9.989100E-09,  -1.081150E-08,  -6.085730E-08,  -6.296840E-07,  -3.585890E-06
 2.700000E+00,  -1.036810E-08,  -1.117440E-08,  -5.469540E-08,  -5.872740E-07,  -3.454090E-06
 2.800000E+00,  -1.097670E-08,  -1.159860E-08,  -4.941670E-08,  -5.443180E-07,  -3.308340E-06
 2.900000E+00,  -1.145260E-08,  -1.204420E-08,  -4.451290E-08,  -5.017670E-07,  -3.150240E-06
 3.000000E+00,  -1.190250E-08,  -1.241970E-08,  -4.030130E-08,  -4.598850E-07,  -2.983970E-06
 3.100000E+00,  -1.252220E-08,  -1.297190E-08,  -3.661040E-08,  -4.197970E-07,  -2.817440E-06
 3.200000E+00,  -1.295240E-08,  -1.546440E-08,  -3.327250E-08,  -3.811710E-07,  -2.644880E-06
 3.300000E+00,  -1.350220E-08,  -1.385720E-08,  -3.059880E-08,  -3.445790E-07,  -2.473050E-06
 3.400000E+00,  -1.387210E-08,  -1.438190E-08,  -2.850550E-08,  -3.105410E-07,  -2.304660E-06
 3.500000E+00,  -1.452390E-08,  -1.489470E-08,  -2.672820E-08,  -2.788120E-07,  -2.138690E-06
 3.600000E+00,  -1.499890E-08,  -1.538110E-08,  -2.525750E-08,  -2.497150E-07,  -1.978980E-06
 3.700000E+00,  -1.555220E-08,  -1.596150E-08,  -2.414810E-08,  -2.227680E-07,  -1.825970E-06
 3.800000E+00,  -1.596940E-08,  -1.644540E-08,  -2.313780E-08,  -1.983210E-07,  -1.676550E-06
 3.900000E+00,  -1.657780E-08,  -1.689570E-08,  -2.255190E-08,  -1.765900E-07,  -1.537140E-06
 4.000000E+00,  -1.701030E-08,  -1.740030E-08,  -2.222250E-08,  -1.568540E-07,  -1.403570E-06
 4.100000E+00,  -1.740580E-08,  -1.792770E-08,  -2.179570E-08,  -1.368580E-07,  -1.280180E-06
 4.200000E+00,  -1.790020E-08,  -1.843330E-08,  -2.174100E-08,  -1.239860E-07,  -1.162800E-06
 4.300000E+00,  -1.841600E-08,  -1.902060E-08,  -2.170750E-08,  -1.101260E-07,  -1.053550E-06
 4.400000E+00,  -1.872770E-08,  -1.948930E-08,  -2.202980E-08,  -9.816400E-08,  -9.532500E-07
 4.500000E+00,  -1.919190E-08,  -2.013320E-08,  -2.212420E-08,  -8.775160E-08,  -8.614720E-07
 4.600000E+00,  -1.976190E-08,  -2.060880E-08,  -2.235550E-08,  -7.863750E-08,  -7.757890E-07
 4.700000E+00,  -2.014360E-08,  -2.106740E-08,  -2.254350E-08,  -7.077870E-08,  -6.969790E-07
 4.800000E+00,  -2.051300E-08,  -2.153850E-08,  -2.296070E-08,  -6.396840E-08,  -6.253960E-07
 4.900000E+00,  -2.082790E-08,  -2.194600E-08,  -2.329910E-08,  -5.816630E-08,  -5.604760E-07
 5.000000E+00,  -2.133890E-08,  -2.245860E-08,  -2.374650E-08,  -5.340690E-08,  -5.014410E-07
[Vgs, Id(Vds= 2.000000E+00), Id(Vds= 2.750000E+00), Id(Vds= 3.500000E+00), Id(Vds= 4.250000E+00), Id(Vds= 5.000000E+00), Vbs= 0.000000E+00, Ref_Vs=0]
 0.000000E+00,  8.000000E-14,  8.000000E-14,  8.000000E-14,  8.000000E-14,  1.000000E-13
 1.000000E-01,  9.000000E-14,  8.000000E-14,  9.000000E-14,  8.000000E-14,  8.000000E-14
 2.000000E-01,  2.100000E-13,  2.300000E-13,  2.500000E-13,  2.500000E-13,  2.800000E-13
 3.000000E-01,  1.530000E-12,  1.660000E-12,  1.850000E-12,  2.140000E-12,  2.340000E-12
 4.000000E-01,  1.731000E-11,  1.934000E-11,  2.157000E-11,  2.445000E-11,  2.832000E-11
 5.000000E-01,  2.184800E-10,  2.474100E-10,  2.801400E-10,  3.217100E-10,  3.781000E-10
 6.000000E-01,  2.986110E-09,  3.431620E-09,  3.936370E-09,  4.562560E-09,  5.450200E-09
 7.000000E-01,  3.982880E-08,  4.613590E-08,  5.314260E-08,  6.213450E-08,  7.410860E-08
 8.000000E-01,  4.007000E-07,  4.593700E-07,  5.235230E-07,  6.017240E-07,  7.031980E-07
 9.000000E-01,  2.227690E-06,  2.489020E-06,  2.758380E-06,  3.078220E-06,  3.505350E-06
 1.000000E+00,  6.779220E-06,  7.408850E-06,  8.037860E-06,  8.767390E-06,  9.763400E-06
 1.100000E+00,  1.438540E-05,  1.548280E-05,  1.655770E-05,  1.779190E-05,  1.952610E-05
 1.200000E+00,  2.468630E-05,  2.629260E-05,  2.783050E-05,  2.959690E-05,  3.213680E-05
 1.300000E+00,  3.713850E-05,  3.923730E-05,  4.122730E-05,  4.351000E-05,  4.686400E-05
 1.400000E+00,  5.155020E-05,  5.413030E-05,  5.655300E-05,  5.932160E-05,  6.347360E-05
 1.500000E+00,  6.751250E-05,  7.055350E-05,  7.337770E-05,  7.658830E-05,  8.147830E-05
 1.600000E+00,  8.462370E-05,  8.810270E-05,  9.128840E-05,  9.490060E-05,  1.004591E-04
 1.700000E+00,  1.029560E-04,  1.068520E-04,  1.103887E-04,  1.143640E-04,  1.205180E-04
 1.800000E+00,  1.220570E-04,  1.263640E-04,  1.302090E-04,  1.345000E-04,  1.411720E-04
 1.900000E+00,  1.420780E-04,  1.467610E-04,  1.509320E-04,  1.554920E-04,  1.626010E-04
 2.000000E+00,  1.627620E-04,  1.678260E-04,  1.722780E-04,  1.770830E-04,  1.845600E-04
 2.100000E+00,  1.838400E-04,  1.892740E-04,  1.939930E-04,  1.990080E-04,  2.067600E-04
 2.200000E+00,  2.055490E-04,  2.113630E-04,  2.163380E-04,  2.215440E-04,  2.295240E-04
 2.300000E+00,  2.275060E-04,  2.337210E-04,  2.389110E-04,  2.442870E-04,  2.524310E-04
 2.400000E+00,  2.499530E-04,  2.565650E-04,  2.619930E-04,  2.675060E-04,  2.757810E-04
 2.500000E+00,  2.726990E-04,  2.797280E-04,  2.853530E-04,  2.910230E-04,  2.993730E-04
 2.600000E+00,  2.954900E-04,  3.029760E-04,  3.088220E-04,  3.145870E-04,  3.229930E-04
 2.700000E+00,  3.186590E-04,  3.266070E-04,  3.326880E-04,  3.385610E-04,  3.469600E-04
 2.800000E+00,  3.418080E-04,  3.502550E-04,  3.565740E-04,  3.625390E-04,  3.709270E-04
 2.900000E+00,  3.652250E-04,  3.742380E-04,  3.807820E-04,  3.868390E-04,  3.951810E-04
 3.000000E+00,  3.887190E-04,  3.983550E-04,  4.050940E-04,  4.112680E-04,  4.195480E-04
 3.100000E+00,  4.120490E-04,  4.223840E-04,  4.293490E-04,  4.356040E-04,  4.438010E-04
 3.200000E+00,  4.355320E-04,  4.466490E-04,  4.538770E-04,  4.601920E-04,  4.682670E-04
 3.300000E+00,  4.589670E-04,  4.709520E-04,  4.784170E-04,  4.848500E-04,  4.928240E-04
 3.400000E+00,  4.821340E-04,  4.951080E-04,  5.028480E-04,  5.093640E-04,  5.172410E-04
 3.500000E+00,  5.053690E-04,  5.194610E-04,  5.274820E-04,  5.341060E-04,  5.418870E-04
 3.600000E+00,  5.282750E-04,  5.435950E-04,  5.519600E-04,  5.586730E-04,  5.663440E-04
 3.700000E+00,  5.511670E-04,  5.679220E-04,  5.766150E-04,  5.834370E-04,  5.910090E-04
 3.800000E+00,  5.738390E-04,  5.921860E-04,  6.012580E-04,  6.081890E-04,  6.156660E-04
 3.900000E+00,  5.961100E-04,  6.162070E-04,  6.256920E-04,  6.327460E-04,  6.401390E-04
 4.000000E+00,  6.182350E-04,  6.402970E-04,  6.502330E-04,  6.574280E-04,  6.647380E-04
 4.100000E+00,  6.399120E-04,  6.641380E-04,  6.745840E-04,  6.819100E-04,  6.891450E-04
 4.200000E+00,  6.614350E-04,  6.880500E-04,  6.990300E-04,  7.065270E-04,  7.137140E-04
 4.300000E+00,  6.826560E-04,  7.118720E-04,  7.234510E-04,  7.311310E-04,  7.382610E-04
 4.400000E+00,  7.033430E-04,  7.353330E-04,  7.475780E-04,  7.554360E-04,  7.625450E-04
 4.500000E+00,  7.238180E-04,  7.588250E-04,  7.718070E-04,  7.798800E-04,  7.869690E-04
 4.600000E+00,  7.437740E-04,  7.818720E-04,  7.957560E-04,  8.040680E-04,  8.110960E-04
 4.700000E+00,  7.634910E-04,  8.051030E-04,  8.197910E-04,  8.283510E-04,  8.353650E-04
 4.800000E+00,  7.828350E-04,  8.280250E-04,  8.437030E-04,  8.525150E-04,  8.595740E-04
 4.900000E+00,  8.016490E-04,  8.505700E-04,  8.673210E-04,  8.764430E-04,  8.835370E-04
 5.000000E+00,  8.201960E-04,  8.730330E-04,  8.909940E-04,  9.004500E-04,  9.075940E-04
