ObjInfo{}
Version{2.0}
ModelType{DC}
DataType{NMOS}
Delimitor{,}
Workingmode{FORWARD}
Instance{L= 1.000000E+00, W= 4.000000E+01, T= 2.500000E+01}
Input{Vgs, Vbs, Vds}
Output{Id}
{Id_Vg}
[Vgs, Id(Vbs= 0.000000E+00), Id(Vbs= -1.250000E+00), Id(Vbs= -2.500000E+00), Id(Vbs= -3.750000E+00), Id(Vbs= -5.000000E+00), Vds= 1.000000E-01, Ref_Vs=0]
 0.000000E+00,  1.100000E-13,  9.000000E-14,  1.000000E-13,  1.000000E-13,  9.000000E-14
 1.000000E-01,  3.400000E-13,  7.000000E-14,  9.000000E-14,  1.000000E-13,  9.000000E-14
 2.000000E-01,  2.740000E-12,  8.000000E-14,  9.000000E-14,  9.000000E-14,  1.000000E-13
 3.000000E-01,  2.976000E-11,  9.000000E-14,  8.000000E-14,  9.000000E-14,  1.000000E-13
 4.000000E-01,  3.497700E-10,  9.000000E-14,  8.000000E-14,  6.000000E-14,  9.000000E-14
 5.000000E-01,  4.489700E-09,  1.100000E-13,  9.000000E-14,  8.000000E-14,  1.000000E-13
 6.000000E-01,  6.058500E-08,  1.050000E-12,  9.000000E-14,  8.000000E-14,  7.000000E-14
 7.000000E-01,  7.647100E-07,  2.293000E-11,  1.000000E-13,  8.000000E-14,  9.000000E-14
 8.000000E-01,  6.598500E-06,  5.544000E-10,  1.050000E-12,  9.000000E-14,  9.000000E-14
 9.000000E-01,  2.737900E-05,  1.313500E-08,  2.697000E-11,  3.200000E-13,  1.100000E-13
 1.000000E+00,  6.425900E-05,  2.978600E-07,  7.711600E-10,  7.040000E-12,  2.300000E-13
 1.100000E+00,  1.083300E-04,  4.376000E-06,  2.149400E-08,  2.117400E-10,  4.140000E-12
 1.200000E+00,  1.533500E-04,  2.456100E-05,  5.128100E-07,  6.140100E-09,  1.241500E-10
 1.300000E+00,  1.977500E-04,  6.360600E-05,  6.854700E-06,  1.681100E-07,  3.793000E-09
 1.400000E+00,  2.401100E-04,  1.095500E-04,  3.244300E-05,  3.034500E-06,  1.055700E-07
 1.500000E+00,  2.809700E-04,  1.562100E-04,  7.514500E-05,  2.100000E-05,  2.150500E-06
 1.600000E+00,  3.199700E-04,  2.011300E-04,  1.224500E-04,  5.959100E-05,  1.717300E-05
 1.700000E+00,  3.570000E-04,  2.436600E-04,  1.687500E-04,  1.062000E-04,  5.333700E-05
 1.800000E+00,  3.928100E-04,  2.844700E-04,  2.133600E-04,  1.535100E-04,  9.992200E-05
 1.900000E+00,  4.269300E-04,  3.230000E-04,  2.553600E-04,  1.985400E-04,  1.469700E-04
 2.000000E+00,  4.598100E-04,  3.599400E-04,  2.954600E-04,  2.415300E-04,  1.925600E-04
 2.100000E+00,  4.914600E-04,  3.952300E-04,  3.335600E-04,  2.822200E-04,  2.358000E-04
 2.200000E+00,  5.217500E-04,  4.287800E-04,  3.695700E-04,  3.205800E-04,  2.763700E-04
 2.300000E+00,  5.509500E-04,  4.610500E-04,  4.041200E-04,  3.571900E-04,  3.150700E-04
 2.400000E+00,  5.789000E-04,  4.917400E-04,  4.368400E-04,  3.917700E-04,  3.515300E-04
 2.500000E+00,  6.061300E-04,  5.215000E-04,  4.684300E-04,  4.250700E-04,  3.863900E-04
 2.600000E+00,  6.322000E-04,  5.499500E-04,  4.986200E-04,  4.567800E-04,  4.196400E-04
 2.700000E+00,  6.571800E-04,  5.771200E-04,  5.273200E-04,  4.869000E-04,  4.512000E-04
 2.800000E+00,  6.815300E-04,  6.035000E-04,  5.550900E-04,  5.160000E-04,  4.814500E-04
 2.900000E+00,  7.046500E-04,  6.284900E-04,  5.814600E-04,  5.435000E-04,  5.101300E-04
 3.000000E+00,  7.271800E-04,  6.528200E-04,  6.070100E-04,  5.701500E-04,  5.378900E-04
 3.100000E+00,  7.489200E-04,  6.762300E-04,  6.315300E-04,  5.957500E-04,  5.643100E-04
 3.200000E+00,  7.695500E-04,  6.983800E-04,  6.548200E-04,  6.198900E-04,  5.894300E-04
 3.300000E+00,  7.896400E-04,  7.199200E-04,  6.773600E-04,  6.433300E-04,  6.137900E-04
 3.400000E+00,  8.088800E-04,  7.405800E-04,  6.988600E-04,  6.657300E-04,  6.367800E-04
 3.500000E+00,  8.274300E-04,  7.603500E-04,  7.196600E-04,  6.871800E-04,  6.590800E-04
 3.600000E+00,  8.452900E-04,  7.794500E-04,  7.395500E-04,  7.078400E-04,  6.804900E-04
 3.700000E+00,  8.624000E-04,  7.978000E-04,  7.585600E-04,  7.275800E-04,  7.007200E-04
 3.800000E+00,  8.788900E-04,  8.153000E-04,  7.769700E-04,  7.464900E-04,  7.203200E-04
 3.900000E+00,  8.946400E-04,  8.320900E-04,  7.943900E-04,  7.645800E-04,  7.390500E-04
 4.000000E+00,  9.099300E-04,  8.484200E-04,  8.112900E-04,  7.821000E-04,  7.569700E-04
 4.100000E+00,  9.245200E-04,  8.638600E-04,  8.275200E-04,  7.987600E-04,  7.742200E-04
 4.200000E+00,  9.384700E-04,  8.787000E-04,  8.428600E-04,  8.146500E-04,  7.906400E-04
 4.300000E+00,  9.520000E-04,  8.931100E-04,  8.577500E-04,  8.300900E-04,  8.063500E-04
 4.400000E+00,  9.648800E-04,  9.067500E-04,  8.721300E-04,  8.447300E-04,  8.215600E-04
 4.500000E+00,  9.772000E-04,  9.198000E-04,  8.855700E-04,  8.587500E-04,  8.360400E-04
 4.600000E+00,  9.891000E-04,  9.324900E-04,  8.986800E-04,  8.722800E-04,  8.499400E-04
 4.700000E+00,  1.000400E-03,  9.443900E-04,  9.112200E-04,  8.850600E-04,  8.631000E-04
 4.800000E+00,  1.011200E-03,  9.559000E-04,  9.230700E-04,  8.973800E-04,  8.757800E-04
 4.900000E+00,  1.021700E-03,  9.670700E-04,  9.345700E-04,  9.092800E-04,  8.879300E-04
 5.000000E+00,  1.031700E-03,  9.775100E-04,  9.455600E-04,  9.205100E-04,  8.994500E-04
[Vgs, Id(Vbs= 0.000000E+00), Id(Vbs= -1.250000E+00), Id(Vbs= -2.500000E+00), Id(Vbs= -3.750000E+00), Id(Vbs= -5.000000E+00), Vds= 5.500000E+00, Ref_Vs=0]
 0.000000E+00,  1.700000E-13,  1.500000E-13,  1.700000E-13,  2.900000E-13,  4.800000E-13
 1.000000E-01,  4.900000E-13,  1.600000E-13,  1.700000E-13,  2.800000E-13,  4.900000E-13
 2.000000E-01,  4.120000E-12,  1.300000E-13,  1.800000E-13,  2.600000E-13,  4.900000E-13
 3.000000E-01,  4.519000E-11,  1.100000E-13,  1.600000E-13,  2.500000E-13,  4.700000E-13
 4.000000E-01,  5.375800E-10,  1.100000E-13,  1.700000E-13,  2.500000E-13,  4.600000E-13
 5.000000E-01,  6.987700E-09,  2.400000E-13,  1.800000E-13,  2.500000E-13,  4.700000E-13
 6.000000E-01,  9.556900E-08,  2.370000E-12,  1.700000E-13,  2.500000E-13,  4.800000E-13
 7.000000E-01,  1.216000E-06,  5.502000E-11,  2.700000E-13,  2.500000E-13,  4.700000E-13
 8.000000E-01,  1.059600E-05,  1.371100E-09,  3.950000E-12,  2.800000E-13,  4.700000E-13
 9.000000E-01,  4.697500E-05,  3.318900E-08,  1.090500E-10,  1.530000E-12,  4.800000E-13
 1.000000E+00,  1.270300E-04,  7.403600E-07,  3.172300E-09,  4.064000E-11,  1.430000E-12
 1.100000E+00,  2.542400E-04,  9.719200E-06,  8.835100E-08,  1.150000E-09,  3.108000E-11
 1.200000E+00,  4.241500E-04,  5.195600E-05,  1.897500E-06,  3.599500E-08,  9.439800E-10
 1.300000E+00,  6.338400E-04,  1.483100E-04,  1.946700E-05,  9.047700E-07,  2.878000E-08
 1.400000E+00,  8.748600E-04,  2.981200E-04,  8.169900E-05,  1.178400E-05,  7.340400E-07
 1.500000E+00,  1.145300E-03,  4.962500E-04,  2.024100E-04,  6.122100E-05,  1.036800E-05
 1.600000E+00,  1.438200E-03,  7.331500E-04,  3.763800E-04,  1.682700E-04,  5.655200E-05
 1.700000E+00,  1.748900E-03,  1.000500E-03,  5.935900E-04,  3.299500E-04,  1.593300E-04
 1.800000E+00,  2.078300E-03,  1.296200E-03,  8.490500E-04,  5.400500E-04,  3.192200E-04
 1.900000E+00,  2.418600E-03,  1.610800E-03,  1.131700E-03,  7.863900E-04,  5.249400E-04
 2.000000E+00,  2.773100E-03,  1.945400E-03,  1.440300E-03,  1.065500E-03,  7.710200E-04
 2.100000E+00,  3.137100E-03,  2.294500E-03,  1.768300E-03,  1.369500E-03,  1.048200E-03
 2.200000E+00,  3.506800E-03,  2.653100E-03,  2.109900E-03,  1.691500E-03,  1.348400E-03
 2.300000E+00,  3.886100E-03,  3.024200E-03,  2.467000E-03,  2.032300E-03,  1.671000E-03
 2.400000E+00,  4.268000E-03,  3.400400E-03,  2.831700E-03,  2.383500E-03,  2.007400E-03
 2.500000E+00,  4.658200E-03,  3.786800E-03,  3.208600E-03,  2.749000E-03,  2.360300E-03
 2.600000E+00,  5.053000E-03,  4.179300E-03,  3.593200E-03,  3.124000E-03,  2.724500E-03
 2.700000E+00,  5.448300E-03,  4.573600E-03,  3.980900E-03,  3.503700E-03,  3.095100E-03
 2.800000E+00,  5.849800E-03,  4.975200E-03,  4.376900E-03,  3.892700E-03,  3.476400E-03
 2.900000E+00,  6.250800E-03,  5.376900E-03,  4.774200E-03,  4.284100E-03,  3.861000E-03
 3.000000E+00,  6.657600E-03,  5.785000E-03,  5.178600E-03,  4.683000E-03,  4.254400E-03
 3.100000E+00,  7.066100E-03,  6.195400E-03,  5.585900E-03,  5.085900E-03,  4.652000E-03
 3.200000E+00,  7.472700E-03,  6.604300E-03,  5.992200E-03,  5.488400E-03,  5.050000E-03
 3.300000E+00,  7.883700E-03,  7.017900E-03,  6.403600E-03,  5.896400E-03,  5.454200E-03
 3.400000E+00,  8.292900E-03,  7.430000E-03,  6.813900E-03,  6.303800E-03,  5.858100E-03
 3.500000E+00,  8.706000E-03,  7.846000E-03,  7.228600E-03,  6.715900E-03,  6.267000E-03
 3.600000E+00,  9.119600E-03,  8.262800E-03,  7.644200E-03,  7.129400E-03,  6.677800E-03
 3.700000E+00,  9.530500E-03,  8.677100E-03,  8.057400E-03,  7.540700E-03,  7.086700E-03
 3.800000E+00,  9.944900E-03,  9.094900E-03,  8.474500E-03,  7.956200E-03,  7.499900E-03
 3.900000E+00,  1.035600E-02,  9.509500E-03,  8.888600E-03,  8.368600E-03,  7.910600E-03
 4.000000E+00,  1.077000E-02,  9.926600E-03,  9.305400E-03,  8.784000E-03,  8.324400E-03
 4.100000E+00,  1.118300E-02,  1.034400E-02,  9.722500E-03,  9.200000E-03,  8.738400E-03
 4.200000E+00,  1.159500E-02,  1.075800E-02,  1.013600E-02,  9.612800E-03,  9.149800E-03
 4.300000E+00,  1.200800E-02,  1.117400E-02,  1.055300E-02,  1.002800E-02,  9.564200E-03
 4.400000E+00,  1.241900E-02,  1.159100E-02,  1.096800E-02,  1.044300E-02,  9.977900E-03
 4.500000E+00,  1.282800E-02,  1.200200E-02,  1.138000E-02,  1.085400E-02,  1.038800E-02
 4.600000E+00,  1.323800E-02,  1.241600E-02,  1.179600E-02,  1.126800E-02,  1.080100E-02
 4.700000E+00,  1.364400E-02,  1.282500E-02,  1.220500E-02,  1.167900E-02,  1.121000E-02
 4.800000E+00,  1.405000E-02,  1.323500E-02,  1.261600E-02,  1.208900E-02,  1.162100E-02
 4.900000E+00,  1.445700E-02,  1.364600E-02,  1.302700E-02,  1.250000E-02,  1.203100E-02
 5.000000E+00,  1.485900E-02,  1.405100E-02,  1.343200E-02,  1.290600E-02,  1.243600E-02
{id_vd}
[Vds, Id(Vgs= 1.007000E+00), Id(Vgs= 2.005000E+00), Id(Vgs= 3.003000E+00), Id(Vgs= 4.001000E+00), Id(Vgs= 4.999000E+00), Vbs= 0.000000E+00, Ref_Vs=0]
 0.000000E+00,  -6.841200E-07,  -3.634500E-06,  -5.518700E-06,  -7.052900E-06,  -7.790700E-06
 1.000000E-01,  6.683500E-05,  4.589300E-04,  7.234000E-04,  9.041500E-04,  1.025100E-03
 2.000000E-01,  8.968200E-05,  8.743100E-04,  1.417300E-03,  1.788900E-03,  2.037900E-03
 3.000000E-01,  9.506700E-05,  1.236100E-03,  2.066000E-03,  2.635300E-03,  3.017800E-03
 4.000000E-01,  9.709300E-05,  1.547600E-03,  2.676000E-03,  3.451900E-03,  3.975800E-03
 5.000000E-01,  9.842600E-05,  1.802600E-03,  3.233300E-03,  4.221400E-03,  4.892200E-03
 6.000000E-01,  9.950100E-05,  2.005800E-03,  3.744800E-03,  4.952900E-03,  5.777900E-03
 7.000000E-01,  1.004400E-04,  2.157500E-03,  4.203500E-03,  5.636500E-03,  6.621800E-03
 8.000000E-01,  1.012800E-04,  2.263100E-03,  4.605900E-03,  6.265900E-03,  7.415500E-03
 9.000000E-01,  1.020500E-04,  2.333300E-03,  4.958500E-03,  6.849800E-03,  8.169700E-03
 1.000000E+00,  1.027800E-04,  2.377500E-03,  5.257400E-03,  7.378500E-03,  8.871400E-03
 1.100000E+00,  1.034600E-04,  2.406400E-03,  5.509200E-03,  7.860600E-03,  9.530900E-03
 1.200000E+00,  1.041200E-04,  2.426600E-03,  5.714600E-03,  8.292700E-03,  1.014200E-02
 1.300000E+00,  1.047300E-04,  2.441800E-03,  5.876800E-03,  8.672900E-03,  1.070200E-02
 1.400000E+00,  1.053400E-04,  2.454300E-03,  6.003400E-03,  9.009600E-03,  1.121900E-02
 1.500000E+00,  1.059200E-04,  2.465200E-03,  6.099000E-03,  9.301700E-03,  1.169100E-02
 1.600000E+00,  1.064700E-04,  2.474600E-03,  6.169300E-03,  9.550000E-03,  1.211500E-02
 1.700000E+00,  1.070200E-04,  2.483300E-03,  6.221600E-03,  9.761800E-03,  1.250000E-02
 1.800000E+00,  1.075500E-04,  2.491300E-03,  6.260300E-03,  9.937200E-03,  1.284200E-02
 1.900000E+00,  1.080800E-04,  2.498800E-03,  6.290300E-03,  1.008200E-02,  1.314800E-02
 2.000000E+00,  1.085900E-04,  2.505800E-03,  6.314000E-03,  1.019900E-02,  1.341700E-02
 2.100000E+00,  1.090900E-04,  2.512500E-03,  6.333300E-03,  1.029200E-02,  1.365000E-02
 2.200000E+00,  1.095800E-04,  2.518900E-03,  6.349900E-03,  1.036600E-02,  1.385400E-02
 2.300000E+00,  1.100300E-04,  2.525000E-03,  6.364300E-03,  1.042300E-02,  1.402700E-02
 2.400000E+00,  1.105300E-04,  2.530900E-03,  6.377000E-03,  1.046900E-02,  1.417500E-02
 2.500000E+00,  1.109800E-04,  2.536700E-03,  6.388500E-03,  1.050500E-02,  1.429900E-02
 2.600000E+00,  1.114400E-04,  2.542300E-03,  6.399100E-03,  1.053300E-02,  1.440100E-02
 2.700000E+00,  1.119000E-04,  2.547700E-03,  6.408800E-03,  1.055700E-02,  1.448500E-02
 2.800000E+00,  1.123400E-04,  2.552900E-03,  6.417800E-03,  1.057600E-02,  1.455400E-02
 2.900000E+00,  1.127800E-04,  2.558000E-03,  6.426500E-03,  1.059300E-02,  1.461000E-02
 3.000000E+00,  1.132400E-04,  2.563100E-03,  6.434500E-03,  1.060700E-02,  1.465500E-02
 3.100000E+00,  1.136800E-04,  2.568000E-03,  6.442100E-03,  1.061900E-02,  1.469100E-02
 3.200000E+00,  1.141400E-04,  2.573000E-03,  6.449500E-03,  1.063000E-02,  1.472100E-02
 3.300000E+00,  1.145800E-04,  2.577800E-03,  6.456500E-03,  1.063900E-02,  1.474400E-02
 3.400000E+00,  1.150400E-04,  2.582600E-03,  6.463200E-03,  1.064800E-02,  1.476400E-02
 3.500000E+00,  1.155300E-04,  2.587300E-03,  6.469800E-03,  1.065500E-02,  1.478000E-02
 3.600000E+00,  1.159900E-04,  2.592200E-03,  6.476100E-03,  1.066200E-02,  1.479300E-02
 3.700000E+00,  1.165200E-04,  2.597200E-03,  6.482300E-03,  1.066900E-02,  1.480400E-02
 3.800000E+00,  1.170500E-04,  2.602200E-03,  6.488400E-03,  1.067500E-02,  1.481300E-02
 3.900000E+00,  1.176000E-04,  2.607400E-03,  6.494300E-03,  1.068000E-02,  1.482000E-02
 4.000000E+00,  1.181900E-04,  2.612800E-03,  6.500200E-03,  1.068500E-02,  1.482600E-02
 4.100000E+00,  1.188300E-04,  2.618500E-03,  6.506300E-03,  1.069000E-02,  1.483200E-02
 4.200000E+00,  1.194800E-04,  2.624600E-03,  6.512300E-03,  1.069400E-02,  1.483600E-02
 4.300000E+00,  1.202000E-04,  2.631200E-03,  6.518800E-03,  1.069900E-02,  1.483900E-02
 4.400000E+00,  1.209700E-04,  2.638300E-03,  6.525400E-03,  1.070300E-02,  1.484200E-02
 4.500000E+00,  1.217800E-04,  2.646200E-03,  6.532500E-03,  1.070700E-02,  1.484500E-02
 4.600000E+00,  1.226700E-04,  2.654800E-03,  6.540200E-03,  1.071100E-02,  1.484600E-02
 4.700000E+00,  1.236300E-04,  2.664300E-03,  6.548600E-03,  1.071500E-02,  1.484700E-02
 4.800000E+00,  1.246500E-04,  2.675000E-03,  6.557900E-03,  1.072000E-02,  1.484800E-02
 4.900000E+00,  1.257400E-04,  2.686800E-03,  6.568200E-03,  1.072500E-02,  1.484900E-02
 5.000000E+00,  1.269100E-04,  2.700000E-03,  6.580000E-03,  1.073000E-02,  1.485000E-02
 5.100000E+00,  1.281500E-04,  2.714800E-03,  6.593500E-03,  1.073600E-02,  1.485100E-02
 5.200000E+00,  1.294800E-04,  2.731000E-03,  6.608500E-03,  1.074300E-02,  1.485100E-02
 5.300000E+00,  1.308900E-04,  2.749000E-03,  6.626000E-03,  1.075100E-02,  1.485200E-02
 5.400000E+00,  1.323700E-04,  2.768900E-03,  6.645700E-03,  1.076000E-02,  1.485300E-02
 5.500000E+00,  1.339500E-04,  2.790900E-03,  6.668400E-03,  1.077100E-02,  1.485500E-02
[Vds, Id(Vgs= 1.007000E+00), Id(Vgs= 2.005000E+00), Id(Vgs= 3.003000E+00), Id(Vgs= 4.001000E+00), Id(Vgs= 4.999000E+00), Vbs= -5.000000E+00, Ref_Vs=0]
 0.000000E+00,  9.000000E-14,  -4.742700E-07,  -1.142300E-06,  -1.621600E-06,  -2.144400E-06
 1.000000E-01,  2.300000E-13,  1.940800E-04,  5.357200E-04,  7.526400E-04,  8.932600E-04
 2.000000E-01,  2.800000E-13,  3.403700E-04,  1.038900E-03,  1.482800E-03,  1.771500E-03
 3.000000E-01,  2.700000E-13,  4.393500E-04,  1.500500E-03,  2.178600E-03,  2.621300E-03
 4.000000E-01,  2.900000E-13,  4.998000E-04,  1.923600E-03,  2.846200E-03,  3.451200E-03
 5.000000E-01,  2.900000E-13,  5.327700E-04,  2.298600E-03,  3.470600E-03,  4.243500E-03
 6.000000E-01,  3.200000E-13,  5.512300E-04,  2.629700E-03,  4.058300E-03,  5.007400E-03
 7.000000E-01,  3.300000E-13,  5.629900E-04,  2.913000E-03,  4.602600E-03,  5.733000E-03
 8.000000E-01,  3.300000E-13,  5.715700E-04,  3.147700E-03,  5.097100E-03,  6.412600E-03
 9.000000E-01,  3.500000E-13,  5.787600E-04,  3.339800E-03,  5.549200E-03,  7.055300E-03
 1.000000E+00,  3.600000E-13,  5.850600E-04,  3.489900E-03,  5.951600E-03,  7.650200E-03
 1.100000E+00,  3.700000E-13,  5.907800E-04,  3.605200E-03,  6.311100E-03,  8.205800E-03
 1.200000E+00,  3.800000E-13,  5.960900E-04,  3.690600E-03,  6.625900E-03,  8.717300E-03
 1.300000E+00,  4.000000E-13,  6.010800E-04,  3.752200E-03,  6.895900E-03,  9.181400E-03
 1.400000E+00,  4.100000E-13,  6.058500E-04,  3.797500E-03,  7.127900E-03,  9.606700E-03
 1.500000E+00,  4.000000E-13,  6.103900E-04,  3.831300E-03,  7.322300E-03,  9.990300E-03
 1.600000E+00,  4.300000E-13,  6.147500E-04,  3.857300E-03,  7.481400E-03,  1.033100E-02
 1.700000E+00,  4.500000E-13,  6.189500E-04,  3.878600E-03,  7.612000E-03,  1.063600E-02
 1.800000E+00,  4.800000E-13,  6.230300E-04,  3.896400E-03,  7.716000E-03,  1.090400E-02
 1.900000E+00,  4.800000E-13,  6.270900E-04,  3.912100E-03,  7.799100E-03,  1.113900E-02
 2.000000E+00,  5.000000E-13,  6.309800E-04,  3.926200E-03,  7.864200E-03,  1.134200E-02
 2.100000E+00,  5.100000E-13,  6.347800E-04,  3.938900E-03,  7.915200E-03,  1.151700E-02
 2.200000E+00,  5.300000E-13,  6.385600E-04,  3.950900E-03,  7.956000E-03,  1.166400E-02
 2.300000E+00,  5.400000E-13,  6.422100E-04,  3.962000E-03,  7.988600E-03,  1.178800E-02
 2.400000E+00,  5.600000E-13,  6.458800E-04,  3.972600E-03,  8.015300E-03,  1.189100E-02
 2.500000E+00,  5.800000E-13,  6.495100E-04,  3.982500E-03,  8.038000E-03,  1.197500E-02
 2.600000E+00,  5.800000E-13,  6.530300E-04,  3.991900E-03,  8.057200E-03,  1.204500E-02
 2.700000E+00,  6.200000E-13,  6.565400E-04,  4.001100E-03,  8.074100E-03,  1.210100E-02
 2.800000E+00,  6.200000E-13,  6.600800E-04,  4.009800E-03,  8.089100E-03,  1.214700E-02
 2.900000E+00,  6.300000E-13,  6.635200E-04,  4.018400E-03,  8.103000E-03,  1.218500E-02
 3.000000E+00,  6.700000E-13,  6.669600E-04,  4.026700E-03,  8.115200E-03,  1.221600E-02
 3.100000E+00,  6.900000E-13,  6.703700E-04,  4.034900E-03,  8.127000E-03,  1.224100E-02
 3.200000E+00,  7.300000E-13,  6.737400E-04,  4.042800E-03,  8.137700E-03,  1.226300E-02
 3.300000E+00,  7.300000E-13,  6.771100E-04,  4.050700E-03,  8.147700E-03,  1.228100E-02
 3.400000E+00,  7.500000E-13,  6.805100E-04,  4.058200E-03,  8.157200E-03,  1.229700E-02
 3.500000E+00,  7.900000E-13,  6.839000E-04,  4.065700E-03,  8.166100E-03,  1.231100E-02
 3.600000E+00,  8.000000E-13,  6.872800E-04,  4.073200E-03,  8.174600E-03,  1.232200E-02
 3.700000E+00,  8.400000E-13,  6.907200E-04,  4.080400E-03,  8.182100E-03,  1.233300E-02
 3.800000E+00,  9.000000E-13,  6.941900E-04,  4.087700E-03,  8.189800E-03,  1.234300E-02
 3.900000E+00,  9.000000E-13,  6.976700E-04,  4.095000E-03,  8.197400E-03,  1.235100E-02
 4.000000E+00,  9.300000E-13,  7.013100E-04,  4.102200E-03,  8.204700E-03,  1.235900E-02
 4.100000E+00,  9.700000E-13,  7.049600E-04,  4.109500E-03,  8.211900E-03,  1.236600E-02
 4.200000E+00,  9.900000E-13,  7.088200E-04,  4.116900E-03,  8.218800E-03,  1.237200E-02
 4.300000E+00,  1.030000E-12,  7.128000E-04,  4.124300E-03,  8.225700E-03,  1.237800E-02
 4.400000E+00,  1.060000E-12,  7.169000E-04,  4.132100E-03,  8.232500E-03,  1.238300E-02
 4.500000E+00,  1.100000E-12,  7.212900E-04,  4.140300E-03,  8.239200E-03,  1.238800E-02
 4.600000E+00,  1.130000E-12,  7.258800E-04,  4.148700E-03,  8.246000E-03,  1.239300E-02
 4.700000E+00,  1.190000E-12,  7.308300E-04,  4.157700E-03,  8.252800E-03,  1.239800E-02
 4.800000E+00,  1.230000E-12,  7.360700E-04,  4.167400E-03,  8.260000E-03,  1.240200E-02
 4.900000E+00,  1.310000E-12,  7.416500E-04,  4.177700E-03,  8.267400E-03,  1.240600E-02
 5.000000E+00,  1.340000E-12,  7.477200E-04,  4.189100E-03,  8.275300E-03,  1.241000E-02
 5.100000E+00,  1.400000E-12,  7.541700E-04,  4.201600E-03,  8.283700E-03,  1.241400E-02
 5.200000E+00,  1.470000E-12,  7.610900E-04,  4.215200E-03,  8.292800E-03,  1.241800E-02
 5.300000E+00,  1.520000E-12,  7.685900E-04,  4.230500E-03,  8.302900E-03,  1.242200E-02
 5.400000E+00,  1.580000E-12,  7.765100E-04,  4.247300E-03,  8.314000E-03,  1.242700E-02
 5.500000E+00,  1.660000E-12,  7.850900E-04,  4.266100E-03,  8.326600E-03,  1.243200E-02
{Isub_Vg}
[Vgs, Ib(Vds= 2.000000E+00), Ib(Vds= 2.750000E+00), Ib(Vds= 3.500000E+00), Ib(Vds= 4.250000E+00), Ib(Vds= 5.000000E+00), Vbs= 0.000000E+00, Ref_Vs=0]
 0.000000E+00,  -2.411000E-11,  -7.200000E-12,  -5.900000E-12,  -4.470000E-12,  -1.000000E-15
 1.000000E-01,  -4.510000E-12,  -1.060000E-11,  -1.590000E-12,  -3.590000E-12,  -2.600000E-13
 2.000000E-01,  -4.930000E-12,  -3.300000E-12,  -4.780000E-12,  -7.080000E-12,  -3.700000E-12
 3.000000E-01,  -9.100000E-13,  -5.150000E-12,  -6.000000E-13,  -1.110000E-12,  -4.962000E-11
 4.000000E-01,  -1.750000E-12,  -1.190000E-12,  -4.790000E-12,  -2.159000E-11,  -2.355330E-09
 5.000000E-01,  -1.367000E-11,  -2.647000E-11,  -5.206000E-11,  -2.079100E-10,  -5.115400E-10
 6.000000E-01,  -4.325000E-11,  -1.104800E-10,  -5.047100E-10,  -2.129150E-09,  -5.988210E-09
 7.000000E-01,  -2.619900E-10,  -8.620600E-10,  -5.113100E-09,  -2.271740E-08,  -6.768630E-08
 8.000000E-01,  -1.790150E-09,  -5.463140E-09,  -3.615420E-08,  -1.705320E-07,  -5.299000E-07
 9.000000E-01,  -3.255370E-09,  -1.144219E-08,  -1.286220E-07,  -6.510840E-07,  -2.120650E-06
 1.000000E+00,  -3.242900E-09,  -2.746490E-08,  -2.817140E-07,  -1.519380E-06,  -5.195350E-06
 1.100000E+00,  -4.713760E-09,  -3.999390E-08,  -4.610230E-07,  -2.631660E-06,  -9.409710E-06
 1.200000E+00,  -6.364610E-09,  -4.866370E-08,  -6.293910E-07,  -3.799340E-06,  -1.419580E-05
 1.300000E+00,  -8.071220E-09,  -5.275550E-08,  -7.671370E-07,  -4.902900E-06,  -1.913950E-05
 1.400000E+00,  -9.462700E-09,  -5.328100E-08,  -8.625430E-07,  -5.841210E-06,  -2.380610E-05
 1.500000E+00,  -1.153490E-08,  -5.106670E-08,  -9.159840E-07,  -6.584280E-06,  -2.800920E-05
 1.600000E+00,  -1.380350E-08,  -4.763400E-08,  -9.287690E-07,  -7.109210E-06,  -3.155510E-05
 1.700000E+00,  -1.614720E-08,  -4.387060E-08,  -9.091580E-07,  -7.422990E-06,  -3.435560E-05
 1.800000E+00,  -1.894210E-08,  -4.067230E-08,  -8.637340E-07,  -7.548070E-06,  -3.643840E-05
 1.900000E+00,  -2.167950E-08,  -3.825050E-08,  -8.002940E-07,  -7.506560E-06,  -3.778230E-05
 2.000000E+00,  -2.485910E-08,  -3.693880E-08,  -7.251310E-07,  -7.325910E-06,  -3.846530E-05
 2.100000E+00,  -2.774150E-08,  -3.661560E-08,  -6.446800E-07,  -7.033070E-06,  -3.853300E-05
 2.200000E+00,  -3.113690E-08,  -3.725000E-08,  -5.642970E-07,  -6.658170E-06,  -3.807310E-05
 2.300000E+00,  -3.436850E-08,  -3.857700E-08,  -4.867600E-07,  -6.219210E-06,  -3.715940E-05
 2.400000E+00,  -3.764930E-08,  -4.073990E-08,  -4.153010E-07,  -5.744870E-06,  -3.588780E-05
 2.500000E+00,  -4.098160E-08,  -4.323990E-08,  -3.511170E-07,  -5.244700E-06,  -3.431120E-05
 2.600000E+00,  -4.466600E-08,  -4.617670E-08,  -2.950010E-07,  -4.737950E-06,  -3.251160E-05
 2.700000E+00,  -4.805340E-08,  -4.942540E-08,  -2.480820E-07,  -4.242460E-06,  -3.057300E-05
 2.800000E+00,  -5.168380E-08,  -5.274190E-08,  -2.090050E-07,  -3.760140E-06,  -2.851790E-05
 2.900000E+00,  -5.528980E-08,  -5.610290E-08,  -1.777990E-07,  -3.306380E-06,  -2.642870E-05
 3.000000E+00,  -5.917810E-08,  -5.972900E-08,  -1.530720E-07,  -2.878550E-06,  -2.431370E-05
 3.100000E+00,  -6.263890E-08,  -6.369220E-08,  -1.345830E-07,  -2.486590E-06,  -2.222680E-05
 3.200000E+00,  -6.622180E-08,  -6.761810E-08,  -1.206380E-07,  -2.133850E-06,  -2.021400E-05
 3.300000E+00,  -6.995890E-08,  -7.166940E-08,  -1.111680E-07,  -1.816300E-06,  -1.826120E-05
 3.400000E+00,  -7.351850E-08,  -7.537010E-08,  -1.048100E-07,  -1.537400E-06,  -1.641490E-05
 3.500000E+00,  -7.731200E-08,  -7.880250E-08,  -1.005545E-07,  -1.292420E-06,  -1.466200E-05
 3.600000E+00,  -8.120040E-08,  -8.304870E-08,  -9.903530E-08,  -1.081520E-06,  -1.302470E-05
 3.700000E+00,  -8.475900E-08,  -8.686240E-08,  -9.899580E-08,  -9.048980E-07,  -1.151770E-05
 3.800000E+00,  -8.860330E-08,  -9.095810E-08,  -9.907670E-08,  -7.530570E-07,  -1.012220E-05
 3.900000E+00,  -9.257840E-08,  -9.528860E-08,  -1.013621E-07,  -6.279680E-07,  -8.857130E-06
 4.000000E+00,  -9.541490E-08,  -9.930700E-08,  -1.040850E-07,  -5.244940E-07,  -7.702660E-06
 4.100000E+00,  -9.917750E-08,  -1.032720E-07,  -1.073500E-07,  -4.397960E-07,  -6.663320E-06
 4.200000E+00,  -1.026347E-07,  -1.069880E-07,  -1.106080E-07,  -3.723360E-07,  -5.742860E-06
 4.300000E+00,  -1.057269E-07,  -1.111050E-07,  -1.138320E-07,  -3.184280E-07,  -4.919590E-06
 4.400000E+00,  -1.092760E-07,  -1.157150E-07,  -1.176350E-07,  -2.762400E-07,  -4.195150E-06
 4.500000E+00,  -1.131770E-07,  -1.192390E-07,  -1.220550E-07,  -2.438590E-07,  -3.566590E-06
 4.600000E+00,  -1.159280E-07,  -1.229720E-07,  -1.255770E-07,  -2.194930E-07,  -3.015820E-06
 4.700000E+00,  -1.192890E-07,  -1.269830E-07,  -1.291110E-07,  -2.010130E-07,  -2.544140E-06
 4.800000E+00,  -1.222850E-07,  -1.313590E-07,  -1.334680E-07,  -1.873490E-07,  -2.137920E-06
 4.900000E+00,  -1.251370E-07,  -1.343300E-07,  -1.377150E-07,  -1.784010E-07,  -1.791540E-06
 5.000000E+00,  -1.277140E-07,  -1.387980E-07,  -1.417370E-07,  -1.727930E-07,  -1.501830E-06
[Vgs, Id(Vds= 2.000000E+00), Id(Vds= 2.750000E+00), Id(Vds= 3.500000E+00), Id(Vds= 4.250000E+00), Id(Vds= 5.000000E+00), Vbs= 0.000000E+00, Ref_Vs=0]
 0.000000E+00,  1.300000E-13,  1.400000E-13,  1.200000E-13,  1.400000E-13,  1.500000E-13
 1.000000E-01,  4.300000E-13,  4.200000E-13,  4.600000E-13,  4.800000E-13,  5.100000E-13
 2.000000E-01,  3.490000E-12,  3.570000E-12,  3.790000E-12,  3.960000E-12,  4.270000E-12
 3.000000E-01,  3.804000E-11,  3.936000E-11,  4.097000E-11,  4.307000E-11,  4.637000E-11
 4.000000E-01,  4.465700E-10,  4.643100E-10,  4.831300E-10,  5.080300E-10,  5.452700E-10
 5.000000E-01,  5.758970E-09,  5.996990E-09,  6.228170E-09,  6.564250E-09,  7.040320E-09
 6.000000E-01,  7.775400E-08,  8.096990E-08,  8.451090E-08,  8.892680E-08,  9.498510E-08
 7.000000E-01,  9.778840E-07,  1.020050E-06,  1.054090E-06,  1.097420E-06,  1.175460E-06
 8.000000E-01,  8.453120E-06,  8.784460E-06,  9.078950E-06,  9.489610E-06,  1.009270E-05
 9.000000E-01,  3.765380E-05,  3.879080E-05,  4.026830E-05,  4.192230E-05,  4.446770E-05
 1.000000E+00,  1.029249E-04,  1.062373E-04,  1.094681E-04,  1.134750E-04,  1.202200E-04
 1.100000E+00,  2.083190E-04,  2.145470E-04,  2.205250E-04,  2.280370E-04,  2.408760E-04
 1.200000E+00,  3.514720E-04,  3.612790E-04,  3.705450E-04,  3.821870E-04,  4.024140E-04
 1.300000E+00,  5.312010E-04,  5.450030E-04,  5.579350E-04,  5.740560E-04,  6.024810E-04
 1.400000E+00,  7.411810E-04,  7.593390E-04,  7.760420E-04,  7.965570E-04,  8.333400E-04
 1.500000E+00,  9.807480E-04,  1.003368E-03,  1.023862E-03,  1.048582E-03,  1.093461E-03
 1.600000E+00,  1.244500E-03,  1.271550E-03,  1.295640E-03,  1.324430E-03,  1.376690E-03
 1.700000E+00,  1.528110E-03,  1.559600E-03,  1.587200E-03,  1.619450E-03,  1.678160E-03
 1.800000E+00,  1.832990E-03,  1.868890E-03,  1.899820E-03,  1.935200E-03,  1.999370E-03
 1.900000E+00,  2.151850E-03,  2.191950E-03,  2.225980E-03,  2.264060E-03,  2.332660E-03
 2.000000E+00,  2.487800E-03,  2.532060E-03,  2.568970E-03,  2.609310E-03,  2.681320E-03
 2.100000E+00,  2.836150E-03,  2.884620E-03,  2.924210E-03,  2.966370E-03,  3.040870E-03
 2.200000E+00,  3.193140E-03,  3.245700E-03,  3.287750E-03,  3.331340E-03,  3.407280E-03
 2.300000E+00,  3.562090E-03,  3.618960E-03,  3.663250E-03,  3.707830E-03,  3.784370E-03
 2.400000E+00,  3.936060E-03,  3.997110E-03,  4.043460E-03,  4.088920E-03,  4.165360E-03
 2.500000E+00,  4.320050E-03,  4.385740E-03,  4.434080E-03,  4.480180E-03,  4.555660E-03
 2.600000E+00,  4.710090E-03,  4.780930E-03,  4.831070E-03,  4.877380E-03,  4.951520E-03
 2.700000E+00,  5.101860E-03,  5.178260E-03,  5.229990E-03,  5.276490E-03,  5.348740E-03
 2.800000E+00,  5.500270E-03,  5.583250E-03,  5.636510E-03,  5.682850E-03,  5.752930E-03
 2.900000E+00,  5.898420E-03,  5.988810E-03,  6.043610E-03,  6.089710E-03,  6.157240E-03
 3.000000E+00,  6.301770E-03,  6.400830E-03,  6.457380E-03,  6.503060E-03,  6.567690E-03
 3.100000E+00,  6.705660E-03,  6.815230E-03,  6.873380E-03,  6.918690E-03,  6.980410E-03
 3.200000E+00,  7.105880E-03,  7.228220E-03,  7.288060E-03,  7.332950E-03,  7.391650E-03
 3.300000E+00,  7.507830E-03,  7.645700E-03,  7.707470E-03,  7.751950E-03,  7.807440E-03
 3.400000E+00,  7.904690E-03,  8.061390E-03,  8.125320E-03,  8.169150E-03,  8.221610E-03
 3.500000E+00,  8.301040E-03,  8.480580E-03,  8.547070E-03,  8.590430E-03,  8.639560E-03
 3.600000E+00,  8.693080E-03,  8.899870E-03,  8.969410E-03,  9.012200E-03,  9.058070E-03
 3.700000E+00,  9.077120E-03,  9.315700E-03,  9.388800E-03,  9.431100E-03,  9.473800E-03
 3.800000E+00,  9.458230E-03,  9.734150E-03,  9.811540E-03,  9.853530E-03,  9.893160E-03
 3.900000E+00,  9.829650E-03,  1.014920E-02,  1.023150E-02,  1.027239E-02,  1.030960E-02
 4.000000E+00,  1.019780E-02,  1.056430E-02,  1.065270E-02,  1.069357E-02,  1.072800E-02
 4.100000E+00,  1.055720E-02,  1.097800E-02,  1.107370E-02,  1.111463E-02,  1.114620E-02
 4.200000E+00,  1.090660E-02,  1.138630E-02,  1.149080E-02,  1.153240E-02,  1.156100E-02
 4.300000E+00,  1.125060E-02,  1.179470E-02,  1.190970E-02,  1.195210E-02,  1.197780E-02
 4.400000E+00,  1.158590E-02,  1.219960E-02,  1.232730E-02,  1.237010E-02,  1.239370E-02
 4.500000E+00,  1.191070E-02,  1.259760E-02,  1.274010E-02,  1.278420E-02,  1.280530E-02
 4.600000E+00,  1.223010E-02,  1.299500E-02,  1.315460E-02,  1.320010E-02,  1.321920E-02
 4.700000E+00,  1.253860E-02,  1.338440E-02,  1.356390E-02,  1.361110E-02,  1.362860E-02
 4.800000E+00,  1.284040E-02,  1.377000E-02,  1.397260E-02,  1.402280E-02,  1.403820E-02
 4.900000E+00,  1.313510E-02,  1.415160E-02,  1.438070E-02,  1.443430E-02,  1.444820E-02
 5.000000E+00,  1.341890E-02,  1.452410E-02,  1.478250E-02,  1.484060E-02,  1.485300E-02
