ObjInfo{}
Version{2.0}
ModelType{DC}
DataType{NMOS}
Delimitor{,}
Workingmode{FORWARD}
Instance{L= 7.000000E-01, W= 4.000000E+01, T= 2.500000E+01}
Input{Vgs, Vbs, Vds}
Output{Id}
{Id_Vg}
[Vgs, Id(Vbs= 0.000000E+00), Id(Vbs= -1.250000E+00), Id(Vbs= -2.500000E+00), Id(Vbs= -3.750000E+00), Id(Vbs= -5.000000E+00), Vds= 1.000000E-01, Ref_Vs=0]
 0.000000E+00,  1.200000E-13,  8.000000E-14,  1.000000E-13,  8.000000E-14,  9.000000E-14
 1.000000E-01,  5.900000E-13,  6.000000E-14,  9.000000E-14,  7.000000E-14,  9.000000E-14
 2.000000E-01,  5.630000E-12,  7.000000E-14,  7.000000E-14,  6.000000E-14,  1.000000E-13
 3.000000E-01,  6.402000E-11,  6.000000E-14,  6.000000E-14,  7.000000E-14,  8.000000E-14
 4.000000E-01,  7.768200E-10,  9.000000E-14,  8.000000E-14,  8.000000E-14,  9.000000E-14
 5.000000E-01,  1.022900E-08,  6.000000E-13,  8.000000E-14,  8.000000E-14,  2.000000E-14
 6.000000E-01,  1.396500E-07,  1.340000E-11,  2.000000E-13,  8.000000E-14,  7.000000E-14
 7.000000E-01,  1.719400E-06,  3.210100E-10,  3.350000E-12,  1.500000E-13,  1.000000E-13
 8.000000E-01,  1.365400E-05,  7.719200E-09,  8.965000E-11,  3.010000E-12,  2.400000E-13
 9.000000E-01,  5.167700E-05,  1.697100E-07,  2.309500E-09,  8.030000E-11,  4.450000E-12
 1.000000E+00,  1.130000E-04,  2.900900E-06,  5.750800E-08,  2.166600E-09,  1.222200E-10
 1.100000E+00,  1.812600E-04,  2.285800E-05,  1.177200E-06,  5.461300E-08,  3.292300E-09
 1.200000E+00,  2.475600E-04,  7.470200E-05,  1.262500E-05,  1.106400E-06,  8.033000E-08
 1.300000E+00,  3.105200E-04,  1.445800E-04,  5.448500E-05,  1.222900E-05,  1.577900E-06
 1.400000E+00,  3.689300E-04,  2.151000E-04,  1.208300E-04,  5.300400E-05,  1.527100E-05
 1.500000E+00,  4.239800E-04,  2.818900E-04,  1.927800E-04,  1.193200E-04,  6.016900E-05
 1.600000E+00,  4.755700E-04,  3.435000E-04,  2.609900E-04,  1.909800E-04,  1.276300E-04
 1.700000E+00,  5.237600E-04,  4.002800E-04,  3.238100E-04,  2.587400E-04,  1.984800E-04
 1.800000E+00,  5.697500E-04,  4.536000E-04,  3.823500E-04,  3.219800E-04,  2.660300E-04
 1.900000E+00,  6.130200E-04,  5.029600E-04,  4.361000E-04,  3.798900E-04,  3.278900E-04
 2.000000E+00,  6.542900E-04,  5.497400E-04,  4.866500E-04,  4.339100E-04,  3.854800E-04
 2.100000E+00,  6.936600E-04,  5.938600E-04,  5.340100E-04,  4.841900E-04,  4.388000E-04
 2.200000E+00,  7.309900E-04,  6.352300E-04,  5.781100E-04,  5.309500E-04,  4.880800E-04
 2.300000E+00,  7.667300E-04,  6.747400E-04,  6.200800E-04,  5.751200E-04,  5.345500E-04
 2.400000E+00,  8.007100E-04,  7.120400E-04,  6.595400E-04,  6.164300E-04,  5.778000E-04
 2.500000E+00,  8.335900E-04,  7.477400E-04,  6.970900E-04,  6.558400E-04,  6.188600E-04
 2.600000E+00,  8.648600E-04,  7.818400E-04,  7.329400E-04,  6.931400E-04,  6.577900E-04
 2.700000E+00,  8.947200E-04,  8.141600E-04,  7.668400E-04,  7.283000E-04,  6.943400E-04
 2.800000E+00,  9.237000E-04,  8.451900E-04,  7.992100E-04,  7.620400E-04,  7.291700E-04
 2.900000E+00,  9.509700E-04,  8.746800E-04,  8.299500E-04,  7.938400E-04,  7.621200E-04
 3.000000E+00,  9.775300E-04,  9.031400E-04,  8.596600E-04,  8.244400E-04,  7.938100E-04
 3.100000E+00,  1.003100E-03,  9.303500E-04,  8.878000E-04,  8.536600E-04,  8.237800E-04
 3.200000E+00,  1.027200E-03,  9.561300E-04,  9.146000E-04,  8.812700E-04,  8.522800E-04
 3.300000E+00,  1.050600E-03,  9.810800E-04,  9.405600E-04,  9.078400E-04,  8.797200E-04
 3.400000E+00,  1.073100E-03,  1.004900E-03,  9.649300E-04,  9.331000E-04,  9.056400E-04
 3.500000E+00,  1.094500E-03,  1.027700E-03,  9.886100E-04,  9.574700E-04,  9.306400E-04
 3.600000E+00,  1.115300E-03,  1.049600E-03,  1.011400E-03,  9.806600E-04,  9.545200E-04
 3.700000E+00,  1.135100E-03,  1.070500E-03,  1.032800E-03,  1.002800E-03,  9.771000E-04
 3.800000E+00,  1.154200E-03,  1.090600E-03,  1.053600E-03,  1.024200E-03,  9.989900E-04
 3.900000E+00,  1.172300E-03,  1.109800E-03,  1.073500E-03,  1.044300E-03,  1.019800E-03
 4.000000E+00,  1.189900E-03,  1.128400E-03,  1.092400E-03,  1.063800E-03,  1.039700E-03
 4.100000E+00,  1.206900E-03,  1.146200E-03,  1.110600E-03,  1.082600E-03,  1.058900E-03
 4.200000E+00,  1.222900E-03,  1.162900E-03,  1.128100E-03,  1.100300E-03,  1.077100E-03
 4.300000E+00,  1.238400E-03,  1.179300E-03,  1.144900E-03,  1.117500E-03,  1.094500E-03
 4.400000E+00,  1.253400E-03,  1.195100E-03,  1.160900E-03,  1.134000E-03,  1.111100E-03
 4.500000E+00,  1.267500E-03,  1.209800E-03,  1.176200E-03,  1.149700E-03,  1.127200E-03
 4.600000E+00,  1.281200E-03,  1.224200E-03,  1.190900E-03,  1.164600E-03,  1.142600E-03
 4.700000E+00,  1.294300E-03,  1.238000E-03,  1.204900E-03,  1.179000E-03,  1.157100E-03
 4.800000E+00,  1.306800E-03,  1.251000E-03,  1.218400E-03,  1.192900E-03,  1.171200E-03
 4.900000E+00,  1.318900E-03,  1.263700E-03,  1.231500E-03,  1.206000E-03,  1.184900E-03
 5.000000E+00,  1.330500E-03,  1.275900E-03,  1.243800E-03,  1.218500E-03,  1.197800E-03
[Vgs, Id(Vbs= 0.000000E+00), Id(Vbs= -1.250000E+00), Id(Vbs= -2.500000E+00), Id(Vbs= -3.750000E+00), Id(Vbs= -5.000000E+00), Vds= 5.500000E+00, Ref_Vs=0]
 0.000000E+00,  2.100000E-13,  1.100000E-13,  1.700000E-13,  2.500000E-13,  4.600000E-13
 1.000000E-01,  1.230000E-12,  1.200000E-13,  1.400000E-13,  2.400000E-13,  4.300000E-13
 2.000000E-01,  1.259000E-11,  1.100000E-13,  1.400000E-13,  2.400000E-13,  4.500000E-13
 3.000000E-01,  1.548700E-10,  1.400000E-13,  1.500000E-13,  2.300000E-13,  4.300000E-13
 4.000000E-01,  2.045900E-09,  5.600000E-13,  1.600000E-13,  2.200000E-13,  4.400000E-13
 5.000000E-01,  2.937600E-08,  1.196000E-11,  4.100000E-13,  2.400000E-13,  4.300000E-13
 6.000000E-01,  4.283900E-07,  3.182300E-10,  7.850000E-12,  6.000000E-13,  4.500000E-13
 7.000000E-01,  5.144000E-06,  8.084800E-09,  2.134600E-10,  1.075000E-11,  1.140000E-12
 8.000000E-01,  3.622300E-05,  1.957300E-07,  5.851200E-09,  3.028800E-10,  2.140000E-11
 9.000000E-01,  1.310400E-04,  3.560800E-06,  1.457200E-07,  8.185500E-09,  5.911400E-10
 1.000000E+00,  3.068300E-04,  3.304400E-05,  2.900500E-06,  2.091900E-07,  1.635900E-08
 1.100000E+00,  5.539700E-04,  1.345900E-04,  2.899600E-05,  3.963500E-06,  4.054900E-07
 1.200000E+00,  8.548900E-04,  3.233100E-04,  1.235800E-04,  3.532100E-05,  6.704300E-06
 1.300000E+00,  1.200200E-03,  5.882600E-04,  3.077200E-04,  1.403400E-04,  5.018200E-05
 1.400000E+00,  1.574600E-03,  9.070500E-04,  5.662100E-04,  3.321800E-04,  1.726000E-04
 1.500000E+00,  1.975300E-03,  1.269100E-03,  8.836600E-04,  5.990500E-04,  3.818600E-04
 1.600000E+00,  2.393100E-03,  1.660300E-03,  1.242100E-03,  9.200700E-04,  6.598800E-04
 1.700000E+00,  2.822000E-03,  2.071200E-03,  1.628500E-03,  1.278900E-03,  9.869100E-04
 1.800000E+00,  3.264800E-03,  2.501900E-03,  2.040700E-03,  1.669900E-03,  1.354000E-03
 1.900000E+00,  3.711900E-03,  2.941400E-03,  2.465900E-03,  2.079100E-03,  1.745000E-03
 2.000000E+00,  4.168400E-03,  3.393700E-03,  2.907000E-03,  2.507600E-03,  2.159100E-03
 2.100000E+00,  4.629200E-03,  3.852800E-03,  3.357200E-03,  2.947800E-03,  2.588300E-03
 2.200000E+00,  5.090400E-03,  4.313900E-03,  3.811400E-03,  3.394100E-03,  3.025600E-03
 2.300000E+00,  5.557400E-03,  4.782200E-03,  4.274200E-03,  3.850200E-03,  3.474600E-03
 2.400000E+00,  6.022300E-03,  5.249400E-03,  4.736900E-03,  4.307500E-03,  3.926000E-03
 2.500000E+00,  6.492500E-03,  5.722500E-03,  5.206400E-03,  4.772600E-03,  4.386200E-03
 2.600000E+00,  6.963800E-03,  6.197400E-03,  5.678400E-03,  5.240900E-03,  4.850100E-03
 2.700000E+00,  7.431900E-03,  6.669400E-03,  6.148000E-03,  5.707200E-03,  5.313100E-03
 2.800000E+00,  7.903900E-03,  7.145500E-03,  6.622100E-03,  6.178600E-03,  5.781400E-03
 2.900000E+00,  8.372300E-03,  7.618200E-03,  7.093200E-03,  6.647300E-03,  6.247400E-03
 3.000000E+00,  8.844500E-03,  8.094700E-03,  7.568500E-03,  7.120400E-03,  6.718300E-03
 3.100000E+00,  9.316300E-03,  8.570800E-03,  8.043400E-03,  7.593700E-03,  7.189500E-03
 3.200000E+00,  9.783500E-03,  9.042400E-03,  8.514200E-03,  8.062900E-03,  7.656800E-03
 3.300000E+00,  1.025400E-02,  9.516900E-03,  8.988100E-03,  8.535300E-03,  8.127600E-03
 3.400000E+00,  1.072000E-02,  9.987500E-03,  9.458000E-03,  9.004100E-03,  8.595000E-03
 3.500000E+00,  1.118900E-02,  1.046100E-02,  9.930700E-03,  9.475700E-03,  9.065200E-03
 3.600000E+00,  1.165900E-02,  1.093300E-02,  1.040300E-02,  9.946500E-03,  9.534900E-03
 3.700000E+00,  1.212300E-02,  1.140100E-02,  1.087000E-02,  1.041300E-02,  1.000000E-02
 3.800000E+00,  1.258900E-02,  1.187100E-02,  1.134000E-02,  1.088200E-02,  1.046800E-02
 3.900000E+00,  1.305100E-02,  1.233700E-02,  1.180600E-02,  1.134700E-02,  1.093200E-02
 4.000000E+00,  1.351400E-02,  1.280400E-02,  1.227300E-02,  1.181400E-02,  1.139800E-02
 4.100000E+00,  1.397700E-02,  1.327000E-02,  1.273900E-02,  1.228000E-02,  1.186400E-02
 4.200000E+00,  1.443400E-02,  1.373100E-02,  1.320000E-02,  1.274000E-02,  1.232400E-02
 4.300000E+00,  1.489400E-02,  1.419400E-02,  1.366400E-02,  1.320300E-02,  1.278600E-02
 4.400000E+00,  1.535300E-02,  1.465500E-02,  1.412500E-02,  1.366400E-02,  1.324600E-02
 4.500000E+00,  1.580600E-02,  1.511200E-02,  1.458200E-02,  1.412000E-02,  1.370200E-02
 4.600000E+00,  1.626100E-02,  1.557000E-02,  1.504000E-02,  1.457900E-02,  1.416000E-02
 4.700000E+00,  1.671100E-02,  1.602300E-02,  1.549300E-02,  1.503100E-02,  1.461200E-02
 4.800000E+00,  1.716000E-02,  1.647500E-02,  1.594600E-02,  1.548400E-02,  1.506400E-02
 4.900000E+00,  1.761000E-02,  1.692800E-02,  1.639900E-02,  1.593700E-02,  1.551700E-02
 5.000000E+00,  1.805400E-02,  1.737400E-02,  1.684600E-02,  1.638400E-02,  1.596300E-02
{id_vd}
[Vds, Id(Vgs= 9.800000E-01), Id(Vgs= 1.985000E+00), Id(Vgs= 2.990000E+00), Id(Vgs= 3.995000E+00), Id(Vgs= 5.000000E+00), Vbs= 0.000000E+00, Ref_Vs=0]
 0.000000E+00,  -9.414500E-07,  -5.262300E-06,  -7.698700E-06,  -9.201800E-06,  -1.028100E-05
 1.000000E-01,  9.936000E-05,  6.422700E-04,  9.649600E-04,  1.177000E-03,  1.316800E-03
 2.000000E-01,  1.343700E-04,  1.228700E-03,  1.895000E-03,  2.331200E-03,  2.620100E-03
 3.000000E-01,  1.447700E-04,  1.741000E-03,  2.765400E-03,  3.435700E-03,  3.880800E-03
 4.000000E-01,  1.498100E-04,  2.180400E-03,  3.581200E-03,  4.499000E-03,  5.109800E-03
 5.000000E-01,  1.534200E-04,  2.536300E-03,  4.322100E-03,  5.495600E-03,  6.280400E-03
 6.000000E-01,  1.564400E-04,  2.815700E-03,  4.994900E-03,  6.435900E-03,  7.404900E-03
 7.000000E-01,  1.591500E-04,  3.021100E-03,  5.590100E-03,  7.306700E-03,  8.467800E-03
 8.000000E-01,  1.616200E-04,  3.163400E-03,  6.103500E-03,  8.098500E-03,  9.458000E-03
 9.000000E-01,  1.639000E-04,  3.259900E-03,  6.544700E-03,  8.823600E-03,  1.038900E-02
 1.000000E+00,  1.661100E-04,  3.324000E-03,  6.910800E-03,  9.470800E-03,  1.124500E-02
 1.100000E+00,  1.682100E-04,  3.369100E-03,  7.212600E-03,  1.005100E-02,  1.204100E-02
 1.200000E+00,  1.702300E-04,  3.402800E-03,  7.453900E-03,  1.056200E-02,  1.276900E-02
 1.300000E+00,  1.721700E-04,  3.429400E-03,  7.641500E-03,  1.100500E-02,  1.342500E-02
 1.400000E+00,  1.741100E-04,  3.452000E-03,  7.787200E-03,  1.138900E-02,  1.402400E-02
 1.500000E+00,  1.759800E-04,  3.471900E-03,  7.897900E-03,  1.171800E-02,  1.456100E-02
 1.600000E+00,  1.778000E-04,  3.489500E-03,  7.981400E-03,  1.199200E-02,  1.503700E-02
 1.700000E+00,  1.796300E-04,  3.505800E-03,  8.046200E-03,  1.222100E-02,  1.546300E-02
 1.800000E+00,  1.813700E-04,  3.520800E-03,  8.096700E-03,  1.240900E-02,  1.583600E-02
 1.900000E+00,  1.831400E-04,  3.535100E-03,  8.138000E-03,  1.256400E-02,  1.616400E-02
 2.000000E+00,  1.848900E-04,  3.548700E-03,  8.172300E-03,  1.268900E-02,  1.645000E-02
 2.100000E+00,  1.865600E-04,  3.561400E-03,  8.201400E-03,  1.278800E-02,  1.669300E-02
 2.200000E+00,  1.882600E-04,  3.573900E-03,  8.227100E-03,  1.286900E-02,  1.690300E-02
 2.300000E+00,  1.899200E-04,  3.585700E-03,  8.249900E-03,  1.293400E-02,  1.708000E-02
 2.400000E+00,  1.915800E-04,  3.597300E-03,  8.270500E-03,  1.298800E-02,  1.723100E-02
 2.500000E+00,  1.932300E-04,  3.608500E-03,  8.289500E-03,  1.303200E-02,  1.735600E-02
 2.600000E+00,  1.948800E-04,  3.619300E-03,  8.307000E-03,  1.306900E-02,  1.746000E-02
 2.700000E+00,  1.965000E-04,  3.630000E-03,  8.323400E-03,  1.310100E-02,  1.754800E-02
 2.800000E+00,  1.981300E-04,  3.640300E-03,  8.338700E-03,  1.312800E-02,  1.762000E-02
 2.900000E+00,  1.997700E-04,  3.650500E-03,  8.353500E-03,  1.315200E-02,  1.768000E-02
 3.000000E+00,  2.013900E-04,  3.660600E-03,  8.367400E-03,  1.317400E-02,  1.773000E-02
 3.100000E+00,  2.030200E-04,  3.670500E-03,  8.380700E-03,  1.319300E-02,  1.777200E-02
 3.200000E+00,  2.046700E-04,  3.680200E-03,  8.393700E-03,  1.321000E-02,  1.780700E-02
 3.300000E+00,  2.063300E-04,  3.689900E-03,  8.406100E-03,  1.322500E-02,  1.783700E-02
 3.400000E+00,  2.079800E-04,  3.699500E-03,  8.418100E-03,  1.324000E-02,  1.786300E-02
 3.500000E+00,  2.097100E-04,  3.709200E-03,  8.429900E-03,  1.325300E-02,  1.788500E-02
 3.600000E+00,  2.114300E-04,  3.719000E-03,  8.441100E-03,  1.326500E-02,  1.790400E-02
 3.700000E+00,  2.132200E-04,  3.729000E-03,  8.452300E-03,  1.327600E-02,  1.792000E-02
 3.800000E+00,  2.150700E-04,  3.739100E-03,  8.463500E-03,  1.328700E-02,  1.793500E-02
 3.900000E+00,  2.169400E-04,  3.749500E-03,  8.474400E-03,  1.329800E-02,  1.794700E-02
 4.000000E+00,  2.189300E-04,  3.760400E-03,  8.485500E-03,  1.330700E-02,  1.795800E-02
 4.100000E+00,  2.209800E-04,  3.771800E-03,  8.496800E-03,  1.331600E-02,  1.796800E-02
 4.200000E+00,  2.231500E-04,  3.784000E-03,  8.508400E-03,  1.332500E-02,  1.797600E-02
 4.300000E+00,  2.254100E-04,  3.797100E-03,  8.520500E-03,  1.333500E-02,  1.798400E-02
 4.400000E+00,  2.278000E-04,  3.811000E-03,  8.533100E-03,  1.334300E-02,  1.799100E-02
 4.500000E+00,  2.303100E-04,  3.826300E-03,  8.546600E-03,  1.335200E-02,  1.799700E-02
 4.600000E+00,  2.329600E-04,  3.843000E-03,  8.561100E-03,  1.336100E-02,  1.800300E-02
 4.700000E+00,  2.358200E-04,  3.861300E-03,  8.577000E-03,  1.337000E-02,  1.800700E-02
 4.800000E+00,  2.388000E-04,  3.881600E-03,  8.594400E-03,  1.338000E-02,  1.801200E-02
 4.900000E+00,  2.419400E-04,  3.903800E-03,  8.613600E-03,  1.339100E-02,  1.801700E-02
 5.000000E+00,  2.452900E-04,  3.928400E-03,  8.635300E-03,  1.340200E-02,  1.802100E-02
 5.100000E+00,  2.488500E-04,  3.955600E-03,  8.659700E-03,  1.341500E-02,  1.802600E-02
 5.200000E+00,  2.525500E-04,  3.985400E-03,  8.687000E-03,  1.343000E-02,  1.803100E-02
 5.300000E+00,  2.565100E-04,  4.018200E-03,  8.718000E-03,  1.344700E-02,  1.803600E-02
 5.400000E+00,  2.606600E-04,  4.054100E-03,  8.752600E-03,  1.346600E-02,  1.804300E-02
 5.500000E+00,  2.650500E-04,  4.093500E-03,  8.791900E-03,  1.348800E-02,  1.805000E-02
[Vds, Id(Vgs= 9.800000E-01), Id(Vgs= 1.985000E+00), Id(Vgs= 2.990000E+00), Id(Vgs= 3.995000E+00), Id(Vgs= 5.000000E+00), Vbs= -5.000000E+00, Ref_Vs=0]
 0.000000E+00,  -1.360000E-12,  -2.316700E-06,  -4.223700E-06,  -5.161700E-06,  -5.664500E-06
 1.000000E-01,  6.324000E-11,  3.742600E-04,  7.826500E-04,  1.027600E-03,  1.185200E-03
 2.000000E-01,  7.553000E-11,  6.848700E-04,  1.528500E-03,  2.032300E-03,  2.355800E-03
 3.000000E-01,  8.722000E-11,  9.225900E-04,  2.217800E-03,  2.991000E-03,  3.488600E-03
 4.000000E-01,  9.990000E-11,  1.092900E-03,  2.852700E-03,  3.910500E-03,  4.592700E-03
 5.000000E-01,  1.135100E-10,  1.204000E-03,  3.416700E-03,  4.768300E-03,  5.643000E-03
 6.000000E-01,  1.283300E-10,  1.275300E-03,  3.914900E-03,  5.571900E-03,  6.650000E-03
 7.000000E-01,  1.443800E-10,  1.322800E-03,  4.340600E-03,  6.310200E-03,  7.599900E-03
 8.000000E-01,  1.616200E-10,  1.357100E-03,  4.693600E-03,  6.975500E-03,  8.482400E-03
 9.000000E-01,  1.804200E-10,  1.384900E-03,  4.982900E-03,  7.577600E-03,  9.309400E-03
 1.000000E+00,  2.006300E-10,  1.408500E-03,  5.210600E-03,  8.108000E-03,  1.006700E-02
 1.100000E+00,  2.226900E-10,  1.429600E-03,  5.388600E-03,  8.576900E-03,  1.076700E-02
 1.200000E+00,  2.466800E-10,  1.449000E-03,  5.524400E-03,  8.982900E-03,  1.140500E-02
 1.300000E+00,  2.724400E-10,  1.467000E-03,  5.626800E-03,  9.327700E-03,  1.197700E-02
 1.400000E+00,  3.005300E-10,  1.484000E-03,  5.705900E-03,  9.621300E-03,  1.249500E-02
 1.500000E+00,  3.311900E-10,  1.500300E-03,  5.768000E-03,  9.866200E-03,  1.295700E-02
 1.600000E+00,  3.639100E-10,  1.515700E-03,  5.817900E-03,  1.006700E-02,  1.336200E-02
 1.700000E+00,  3.996900E-10,  1.530600E-03,  5.859800E-03,  1.023200E-02,  1.372200E-02
 1.800000E+00,  4.382700E-10,  1.545000E-03,  5.895900E-03,  1.036500E-02,  1.403300E-02
 1.900000E+00,  4.800300E-10,  1.559100E-03,  5.927900E-03,  1.047300E-02,  1.430500E-02
 2.000000E+00,  5.254800E-10,  1.572900E-03,  5.957000E-03,  1.056100E-02,  1.453900E-02
 2.100000E+00,  5.739300E-10,  1.586100E-03,  5.983500E-03,  1.063200E-02,  1.473600E-02
 2.200000E+00,  6.266600E-10,  1.599500E-03,  6.008200E-03,  1.069200E-02,  1.490500E-02
 2.300000E+00,  6.831100E-10,  1.612400E-03,  6.031100E-03,  1.074100E-02,  1.504600E-02
 2.400000E+00,  7.442600E-10,  1.625200E-03,  6.053000E-03,  1.078400E-02,  1.516500E-02
 2.500000E+00,  8.101900E-10,  1.637900E-03,  6.073900E-03,  1.082100E-02,  1.526400E-02
 2.600000E+00,  8.809700E-10,  1.650300E-03,  6.093500E-03,  1.085400E-02,  1.534700E-02
 2.700000E+00,  9.573300E-10,  1.662700E-03,  6.112800E-03,  1.088300E-02,  1.541700E-02
 2.800000E+00,  1.039300E-09,  1.674800E-03,  6.131300E-03,  1.090900E-02,  1.547500E-02
 2.900000E+00,  1.127800E-09,  1.686900E-03,  6.149400E-03,  1.093400E-02,  1.552600E-02
 3.000000E+00,  1.223100E-09,  1.698900E-03,  6.167000E-03,  1.095600E-02,  1.556800E-02
 3.100000E+00,  1.324700E-09,  1.710800E-03,  6.184000E-03,  1.097700E-02,  1.560500E-02
 3.200000E+00,  1.435400E-09,  1.722800E-03,  6.200800E-03,  1.099700E-02,  1.563700E-02
 3.300000E+00,  1.554000E-09,  1.734600E-03,  6.217400E-03,  1.101600E-02,  1.566500E-02
 3.400000E+00,  1.680600E-09,  1.746300E-03,  6.233400E-03,  1.103300E-02,  1.569000E-02
 3.500000E+00,  1.818300E-09,  1.758200E-03,  6.249400E-03,  1.105000E-02,  1.571300E-02
 3.600000E+00,  1.964600E-09,  1.769900E-03,  6.265100E-03,  1.106600E-02,  1.573300E-02
 3.700000E+00,  2.123900E-09,  1.781800E-03,  6.280800E-03,  1.108200E-02,  1.575200E-02
 3.800000E+00,  2.295000E-09,  1.793900E-03,  6.296300E-03,  1.109700E-02,  1.576900E-02
 3.900000E+00,  2.477800E-09,  1.806000E-03,  6.311700E-03,  1.111200E-02,  1.578400E-02
 4.000000E+00,  2.676600E-09,  1.818400E-03,  6.327100E-03,  1.112600E-02,  1.579900E-02
 4.100000E+00,  2.889400E-09,  1.831100E-03,  6.342700E-03,  1.114000E-02,  1.581200E-02
 4.200000E+00,  3.120400E-09,  1.844200E-03,  6.358600E-03,  1.115400E-02,  1.582500E-02
 4.300000E+00,  3.371300E-09,  1.857900E-03,  6.375000E-03,  1.116800E-02,  1.583700E-02
 4.400000E+00,  3.639500E-09,  1.871900E-03,  6.391600E-03,  1.118100E-02,  1.584800E-02
 4.500000E+00,  3.930200E-09,  1.886700E-03,  6.409100E-03,  1.119500E-02,  1.585900E-02
 4.600000E+00,  4.243100E-09,  1.902300E-03,  6.427300E-03,  1.120900E-02,  1.586900E-02
 4.700000E+00,  4.584400E-09,  1.918700E-03,  6.446600E-03,  1.122300E-02,  1.587800E-02
 4.800000E+00,  4.950600E-09,  1.936200E-03,  6.467200E-03,  1.123800E-02,  1.588800E-02
 4.900000E+00,  5.348100E-09,  1.954500E-03,  6.489200E-03,  1.125300E-02,  1.589800E-02
 5.000000E+00,  5.779200E-09,  1.974400E-03,  6.513200E-03,  1.127000E-02,  1.590800E-02
 5.100000E+00,  6.244600E-09,  1.995400E-03,  6.539400E-03,  1.128700E-02,  1.591700E-02
 5.200000E+00,  6.748000E-09,  2.017800E-03,  6.567900E-03,  1.130600E-02,  1.592800E-02
 5.300000E+00,  7.289700E-09,  2.041900E-03,  6.599200E-03,  1.132700E-02,  1.593900E-02
 5.400000E+00,  7.876000E-09,  2.067200E-03,  6.633400E-03,  1.135000E-02,  1.595000E-02
 5.500000E+00,  8.515800E-09,  2.094400E-03,  6.671200E-03,  1.137500E-02,  1.596200E-02
{Isub_Vg}
[Vgs, Ib(Vds= 2.000000E+00), Ib(Vds= 2.750000E+00), Ib(Vds= 3.500000E+00), Ib(Vds= 4.250000E+00), Ib(Vds= 5.000000E+00), Vbs= 0.000000E+00, Ref_Vs=0]
 0.000000E+00,  -3.041000E-11,  -3.241000E-11,  -1.000000E-13,  -1.640000E-11,  -3.900000E-12
 1.000000E-01,  -3.354000E-11,  -4.200000E-13,  -9.700000E-12,  -3.050000E-12,  -5.070000E-12
 2.000000E-01,  -2.936000E-11,  -3.280000E-12,  -7.880000E-12,  -3.687000E-11,  -7.000000E-14
 3.000000E-01,  -8.340000E-12,  -4.350000E-12,  -3.100000E-12,  -1.290000E-11,  -1.759000E-11
 4.000000E-01,  -1.858000E-11,  -6.950000E-12,  -5.050000E-12,  -6.110000E-11,  -7.513000E-10
 5.000000E-01,  -8.720000E-12,  -2.408000E-11,  -1.556500E-10,  -6.456400E-10,  -1.837580E-09
 6.000000E-01,  -1.542000E-11,  -2.456800E-10,  -1.693040E-09,  -7.885880E-09,  -2.422630E-08
 7.000000E-01,  -1.440400E-10,  -1.979040E-09,  -1.659700E-08,  -8.215030E-08,  -2.646470E-07
 8.000000E-01,  -3.486200E-10,  -1.049220E-08,  -9.999240E-08,  -5.146060E-07,  -1.701370E-06
 9.000000E-01,  -1.712270E-09,  -2.975480E-08,  -3.110270E-07,  -1.661740E-06,  -5.662140E-06
 1.000000E+00,  -6.873100E-10,  -5.391310E-08,  -6.199940E-07,  -3.455440E-06,  -1.215770E-05
 1.100000E+00,  -6.937100E-10,  -7.430350E-08,  -9.478490E-07,  -5.522510E-06,  -2.011080E-05
 1.200000E+00,  -6.076800E-10,  -8.681730E-08,  -1.236310E-06,  -7.539420E-06,  -2.842540E-05
 1.300000E+00,  -5.047700E-10,  -9.119660E-08,  -1.461580E-06,  -9.345070E-06,  -3.649040E-05
 1.400000E+00,  -4.225700E-10,  -8.889070E-08,  -1.613120E-06,  -1.081929E-05,  -4.374690E-05
 1.500000E+00,  -3.488900E-10,  -8.092810E-08,  -1.692610E-06,  -1.194710E-05,  -5.003390E-05
 1.600000E+00,  -3.078100E-10,  -7.244450E-08,  -1.710680E-06,  -1.272240E-05,  -5.517590E-05
 1.700000E+00,  -2.894200E-10,  -6.181530E-08,  -1.677210E-06,  -1.317080E-05,  -5.914370E-05
 1.800000E+00,  -2.685100E-10,  -5.121740E-08,  -1.603760E-06,  -1.333480E-05,  -6.201660E-05
 1.900000E+00,  -2.854800E-10,  -4.148690E-08,  -1.501910E-06,  -1.325200E-05,  -6.381420E-05
 2.000000E+00,  -2.939500E-10,  -3.287390E-08,  -1.379730E-06,  -1.296300E-05,  -6.466090E-05
 2.100000E+00,  -3.358500E-10,  -2.557370E-08,  -1.243040E-06,  -1.250880E-05,  -6.465510E-05
 2.200000E+00,  -3.365700E-10,  -1.614570E-08,  -1.110510E-06,  -1.193200E-05,  -6.390890E-05
 2.300000E+00,  -3.923300E-10,  -1.494730E-08,  -9.749660E-07,  -1.125710E-05,  -6.252570E-05
 2.400000E+00,  -4.133300E-10,  -1.128450E-08,  -8.463670E-07,  -1.052360E-05,  -6.063260E-05
 2.500000E+00,  -4.389400E-10,  -8.453700E-09,  -7.251320E-07,  -9.744760E-06,  -5.830520E-05
 2.600000E+00,  -4.591800E-10,  -6.307200E-09,  -6.144580E-07,  -8.948620E-06,  -5.565750E-05
 2.700000E+00,  -4.904000E-10,  -4.739800E-09,  -5.161390E-07,  -8.159680E-06,  -5.278830E-05
 2.800000E+00,  -5.150400E-10,  -3.560900E-09,  -4.292770E-07,  -7.379670E-06,  -4.973680E-05
 2.900000E+00,  -5.648100E-10,  -2.766950E-09,  -3.535190E-07,  -6.632130E-06,  -4.661520E-05
 3.000000E+00,  -5.948900E-10,  -2.178100E-09,  -2.885850E-07,  -5.914770E-06,  -4.342710E-05
 3.100000E+00,  -6.012800E-10,  -1.788900E-09,  -2.337730E-07,  -5.240530E-06,  -4.025390E-05
 3.200000E+00,  -6.708400E-10,  -1.457570E-09,  -1.883390E-07,  -4.618580E-06,  -3.715510E-05
 3.300000E+00,  -7.146400E-10,  -1.254510E-09,  -1.504630E-07,  -4.041540E-06,  -3.411810E-05
 3.400000E+00,  -7.213500E-10,  -1.125080E-09,  -1.196530E-07,  -3.518650E-06,  -3.120660E-05
 3.500000E+00,  -7.702600E-10,  -1.036280E-09,  -9.446350E-08,  -3.041980E-06,  -2.840430E-05
 3.600000E+00,  -7.986300E-10,  -1.008330E-09,  -7.412690E-08,  -2.615540E-06,  -2.574390E-05
 3.700000E+00,  -7.816500E-10,  -9.808900E-10,  -5.913020E-08,  -2.238700E-06,  -2.325500E-05
 3.800000E+00,  -8.485600E-10,  -9.887300E-10,  -4.520230E-08,  -1.904060E-06,  -2.090900E-05
 3.900000E+00,  -8.664500E-10,  -9.824200E-10,  -3.514390E-08,  -1.613100E-06,  -1.874090E-05
 4.000000E+00,  -8.906000E-10,  -1.000860E-09,  -2.723960E-08,  -1.358200E-06,  -1.672250E-05
 4.100000E+00,  -9.388800E-10,  -1.029980E-09,  -2.108100E-08,  -1.138140E-06,  -1.486230E-05
 4.200000E+00,  -9.737799E-10,  -1.066150E-09,  -1.634830E-08,  -9.506660E-07,  -1.317050E-05
 4.300000E+00,  -9.892800E-10,  -1.077140E-09,  -1.265540E-08,  -7.894250E-07,  -1.161870E-05
 4.400000E+00,  -2.092000E-11,  -1.127850E-09,  -9.902500E-09,  -6.527500E-07,  -1.021210E-05
 4.500000E+00,  -1.072060E-09,  -1.148340E-09,  -7.692600E-09,  -5.384480E-07,  -8.952720E-06
 4.600000E+00,  -1.061190E-09,  -1.673100E-10,  -6.073100E-09,  -4.429800E-07,  -7.814070E-06
 4.700000E+00,  -1.136250E-09,  -1.224510E-09,  -4.885200E-09,  -3.617980E-07,  -6.802250E-06
 4.800000E+00,  -1.145380E-09,  -1.231650E-09,  -3.970000E-09,  -2.951210E-07,  -5.897480E-06
 4.900000E+00,  -1.151780E-09,  -1.253420E-09,  -3.323000E-09,  -2.398100E-07,  -5.093290E-06
 5.000000E+00,  -1.239300E-09,  -1.317550E-09,  -2.841200E-09,  -1.947400E-07,  -4.390030E-06
[Vgs, Id(Vds= 2.000000E+00), Id(Vds= 2.750000E+00), Id(Vds= 3.500000E+00), Id(Vds= 4.250000E+00), Id(Vds= 5.000000E+00), Vbs= 0.000000E+00, Ref_Vs=0]
 0.000000E+00,  1.400000E-13,  1.500000E-13,  1.700000E-13,  1.800000E-13,  2.000000E-13
 1.000000E-01,  8.400000E-13,  9.200000E-13,  9.500000E-13,  1.080000E-12,  1.210000E-12
 2.000000E-01,  8.360000E-12,  9.100000E-12,  9.950000E-12,  1.100000E-11,  1.240000E-11
 3.000000E-01,  9.746000E-11,  1.078100E-10,  1.186600E-10,  1.322800E-10,  1.502600E-10
 4.000000E-01,  1.221720E-09,  1.367830E-09,  1.520260E-09,  1.707230E-09,  1.959030E-09
 5.000000E-01,  1.670850E-08,  1.888090E-08,  2.113580E-08,  2.398340E-08,  2.760480E-08
 6.000000E-01,  2.361460E-07,  2.689010E-07,  3.026370E-07,  3.440390E-07,  3.931810E-07
 7.000000E-01,  2.886040E-06,  3.259630E-06,  3.624590E-06,  4.083080E-06,  4.682270E-06
 8.000000E-01,  2.209620E-05,  2.434530E-05,  2.671110E-05,  2.943310E-05,  3.300490E-05
 9.000000E-01,  8.688280E-05,  9.384470E-05,  1.008530E-04,  1.089830E-04,  1.203920E-04
 1.000000E+00,  2.158390E-04,  2.297490E-04,  2.435770E-04,  2.598010E-04,  2.834980E-04
 1.100000E+00,  4.062880E-04,  4.283980E-04,  4.499500E-04,  4.754860E-04,  5.143740E-04
 1.200000E+00,  6.471890E-04,  6.777110E-04,  7.070300E-04,  7.420930E-04,  7.970670E-04
 1.300000E+00,  9.324770E-04,  9.714840E-04,  1.008398E-03,  1.052473E-03,  1.123398E-03
 1.400000E+00,  1.250470E-03,  1.297530E-03,  1.341400E-03,  1.393740E-03,  1.479530E-03
 1.500000E+00,  1.598990E-03,  1.653800E-03,  1.704210E-03,  1.763730E-03,  1.862980E-03
 1.600000E+00,  1.970180E-03,  2.032180E-03,  2.088470E-03,  2.154290E-03,  2.265060E-03
 1.700000E+00,  2.358290E-03,  2.427200E-03,  2.488640E-03,  2.559750E-03,  2.680130E-03
 1.800000E+00,  2.765700E-03,  2.841170E-03,  2.907390E-03,  2.982890E-03,  3.111100E-03
 1.900000E+00,  3.183100E-03,  3.264720E-03,  3.335320E-03,  3.414120E-03,  3.548300E-03
 2.000000E+00,  3.615020E-03,  3.702640E-03,  3.777010E-03,  3.858750E-03,  3.996960E-03
 2.100000E+00,  4.056070E-03,  4.149480E-03,  4.227300E-03,  4.311150E-03,  4.451960E-03
 2.200000E+00,  4.501870E-03,  4.600830E-03,  4.681850E-03,  4.767060E-03,  4.909250E-03
 2.300000E+00,  4.957040E-03,  5.061850E-03,  5.145540E-03,  5.231880E-03,  5.373980E-03
 2.400000E+00,  5.413420E-03,  5.524060E-03,  5.610350E-03,  5.697120E-03,  5.838160E-03
 2.500000E+00,  5.877530E-03,  5.994520E-03,  6.083090E-03,  6.170170E-03,  6.309180E-03
 2.600000E+00,  6.345000E-03,  6.468750E-03,  6.559450E-03,  6.646430E-03,  6.782790E-03
 2.700000E+00,  6.810590E-03,  6.941900E-03,  7.034500E-03,  7.121140E-03,  7.254180E-03
 2.800000E+00,  7.280960E-03,  7.420680E-03,  7.515320E-03,  7.601360E-03,  7.730490E-03
 2.900000E+00,  7.747990E-03,  7.897250E-03,  7.993800E-03,  8.079120E-03,  8.203950E-03
 3.000000E+00,  8.218560E-03,  8.378770E-03,  8.477340E-03,  8.561810E-03,  8.682020E-03
 3.100000E+00,  8.687540E-03,  8.860590E-03,  8.961220E-03,  9.044830E-03,  9.160270E-03
 3.200000E+00,  9.150550E-03,  9.338180E-03,  9.441190E-03,  9.523770E-03,  9.634370E-03
 3.300000E+00,  9.614170E-03,  9.819140E-03,  9.924580E-03,  1.000639E-02,  1.011176E-02
 3.400000E+00,  1.007087E-02,  1.029594E-02,  1.040417E-02,  1.048510E-02,  1.058540E-02
 3.500000E+00,  1.052652E-02,  1.077502E-02,  1.088780E-02,  1.096651E-02,  1.106175E-02
 3.600000E+00,  1.097686E-02,  1.125268E-02,  1.136910E-02,  1.144830E-02,  1.153880E-02
 3.700000E+00,  1.141870E-02,  1.172610E-02,  1.184580E-02,  1.192420E-02,  1.201010E-02
 3.800000E+00,  1.185700E-02,  1.220010E-02,  1.232530E-02,  1.240270E-02,  1.248400E-02
 3.900000E+00,  1.228460E-02,  1.266800E-02,  1.279880E-02,  1.287630E-02,  1.295280E-02
 4.000000E+00,  1.270690E-02,  1.313630E-02,  1.327430E-02,  1.335130E-02,  1.342330E-02
 4.100000E+00,  1.312210E-02,  1.360200E-02,  1.374790E-02,  1.382490E-02,  1.389260E-02
 4.200000E+00,  1.352540E-02,  1.406060E-02,  1.421610E-02,  1.429360E-02,  1.435720E-02
 4.300000E+00,  1.392350E-02,  1.451930E-02,  1.468550E-02,  1.476370E-02,  1.482340E-02
 4.400000E+00,  1.431250E-02,  1.497350E-02,  1.515250E-02,  1.523150E-02,  1.528770E-02
 4.500000E+00,  1.468970E-02,  1.542040E-02,  1.561320E-02,  1.569380E-02,  1.574690E-02
 4.600000E+00,  1.506060E-02,  1.586550E-02,  1.607520E-02,  1.615750E-02,  1.620730E-02
 4.700000E+00,  1.542030E-02,  1.630280E-02,  1.653060E-02,  1.661540E-02,  1.666250E-02
 4.800000E+00,  1.577150E-02,  1.673590E-02,  1.698510E-02,  1.707250E-02,  1.711760E-02
 4.900000E+00,  1.611580E-02,  1.716500E-02,  1.743810E-02,  1.752940E-02,  1.757220E-02
 5.000000E+00,  1.644770E-02,  1.758470E-02,  1.788400E-02,  1.797940E-02,  1.802010E-02
