ObjInfo{}
Version{2.0}
ModelType{DC}
DataType{NMOS}
Delimitor{,}
Workingmode{FORWARD}
Instance{L= 9.000000E-01, W= 4.000000E+01, T= 2.500000E+01}
Input{Vgs, Vbs, Vds}
Output{Id}
{Id_Vg}
[Vgs, Id(Vbs= 0.000000E+00), Id(Vbs= -1.250000E+00), Id(Vbs= -2.500000E+00), Id(Vbs= -3.750000E+00), Id(Vbs= -5.000000E+00), Vds= 1.000000E-01, Ref_Vs=0]
 0.000000E+00,  1.000000E-13,  8.000000E-14,  8.000000E-14,  9.000000E-14,  9.000000E-14
 1.000000E-01,  3.700000E-13,  6.000000E-14,  7.000000E-14,  6.000000E-14,  8.000000E-14
 2.000000E-01,  3.330000E-12,  7.000000E-14,  7.000000E-14,  7.000000E-14,  7.000000E-14
 3.000000E-01,  3.673000E-11,  6.000000E-14,  4.000000E-14,  7.000000E-14,  8.000000E-14
 4.000000E-01,  4.359200E-10,  6.000000E-14,  9.000000E-14,  9.000000E-14,  8.000000E-14
 5.000000E-01,  5.633000E-09,  1.300000E-13,  6.000000E-14,  8.000000E-14,  1.000000E-13
 6.000000E-01,  7.619600E-08,  1.780000E-12,  8.000000E-14,  1.000000E-13,  7.000000E-14
 7.000000E-01,  9.526400E-07,  4.045000E-11,  1.500000E-13,  9.000000E-14,  8.000000E-14
 8.000000E-01,  7.998600E-06,  9.826500E-10,  2.670000E-12,  1.200000E-13,  8.000000E-14
 9.000000E-01,  3.249600E-05,  2.303000E-08,  7.253000E-11,  9.500000E-13,  1.200000E-13
 1.000000E+00,  7.514600E-05,  4.980300E-07,  2.039900E-09,  2.668000E-11,  7.500000E-13
 1.100000E+00,  1.252600E-04,  6.406600E-06,  5.440000E-08,  7.865700E-10,  2.054000E-11
 1.200000E+00,  1.758400E-04,  3.198200E-05,  1.142200E-06,  2.170600E-08,  6.047600E-10
 1.300000E+00,  2.252300E-04,  7.812100E-05,  1.172800E-05,  5.249600E-07,  1.743900E-08
 1.400000E+00,  2.720800E-04,  1.306700E-04,  4.561300E-05,  6.880600E-06,  4.241500E-07
 1.500000E+00,  3.169800E-04,  1.831200E-04,  9.614700E-05,  3.438200E-05,  5.992900E-06
 1.600000E+00,  3.596200E-04,  2.330500E-04,  1.497400E-04,  8.216200E-05,  3.171700E-05
 1.700000E+00,  3.999400E-04,  2.799500E-04,  2.013000E-04,  1.355000E-04,  7.820600E-05
 1.800000E+00,  4.387800E-04,  3.246400E-04,  2.504700E-04,  1.881100E-04,  1.317900E-04
 1.900000E+00,  4.756200E-04,  3.666100E-04,  2.963600E-04,  2.375400E-04,  1.841000E-04
 2.000000E+00,  5.110600E-04,  4.067000E-04,  3.399900E-04,  2.844300E-04,  2.339500E-04
 2.100000E+00,  5.450500E-04,  4.448000E-04,  3.812400E-04,  3.284600E-04,  2.808400E-04
 2.200000E+00,  5.775000E-04,  4.808900E-04,  4.199700E-04,  3.697400E-04,  3.246600E-04
 2.300000E+00,  6.087200E-04,  5.155200E-04,  4.570700E-04,  4.091000E-04,  3.661600E-04
 2.400000E+00,  6.385400E-04,  5.483700E-04,  4.921100E-04,  4.460400E-04,  4.051100E-04
 2.500000E+00,  6.675100E-04,  5.800800E-04,  5.257000E-04,  4.814600E-04,  4.423700E-04
 2.600000E+00,  6.952200E-04,  6.104000E-04,  5.578500E-04,  5.152500E-04,  4.776100E-04
 2.700000E+00,  7.217400E-04,  6.392500E-04,  5.883700E-04,  5.470800E-04,  5.109700E-04
 2.800000E+00,  7.475200E-04,  6.671600E-04,  6.176600E-04,  5.777600E-04,  5.430000E-04
 2.900000E+00,  7.719500E-04,  6.936700E-04,  6.455500E-04,  6.068900E-04,  5.731200E-04
 3.000000E+00,  7.957400E-04,  7.193300E-04,  6.725600E-04,  6.348700E-04,  6.022400E-04
 3.100000E+00,  8.187200E-04,  7.439700E-04,  6.982500E-04,  6.616800E-04,  6.301200E-04
 3.200000E+00,  8.404100E-04,  7.673900E-04,  7.227500E-04,  6.871400E-04,  6.563700E-04
 3.300000E+00,  8.615400E-04,  7.900200E-04,  7.465100E-04,  7.116300E-04,  6.817600E-04
 3.400000E+00,  8.818500E-04,  8.116400E-04,  7.689200E-04,  7.349600E-04,  7.059900E-04
 3.500000E+00,  9.012500E-04,  8.325500E-04,  7.907000E-04,  7.575200E-04,  7.291400E-04
 3.600000E+00,  9.200400E-04,  8.525200E-04,  8.116600E-04,  7.790400E-04,  7.513800E-04
 3.700000E+00,  9.380800E-04,  8.716200E-04,  8.313800E-04,  7.995200E-04,  7.725900E-04
 3.800000E+00,  9.552700E-04,  8.901300E-04,  8.505700E-04,  8.193800E-04,  7.928300E-04
 3.900000E+00,  9.718000E-04,  9.076200E-04,  8.689400E-04,  8.381600E-04,  8.122800E-04
 4.000000E+00,  9.878600E-04,  9.245900E-04,  8.864000E-04,  8.562900E-04,  8.310100E-04
 4.100000E+00,  1.003100E-03,  9.409500E-04,  9.032700E-04,  8.737100E-04,  8.488600E-04
 4.200000E+00,  1.017700E-03,  9.563300E-04,  9.194700E-04,  8.902700E-04,  8.658500E-04
 4.300000E+00,  1.031900E-03,  9.713400E-04,  9.348300E-04,  9.061800E-04,  8.823000E-04
 4.400000E+00,  1.045400E-03,  9.857600E-04,  9.496700E-04,  9.214800E-04,  8.979800E-04
 4.500000E+00,  1.058300E-03,  9.992900E-04,  9.639300E-04,  9.360400E-04,  9.128600E-04
 4.600000E+00,  1.070800E-03,  1.012500E-03,  9.774200E-04,  9.499800E-04,  9.272900E-04
 4.700000E+00,  1.082500E-03,  1.025100E-03,  9.903800E-04,  9.633200E-04,  9.409300E-04
 4.800000E+00,  1.093900E-03,  1.037000E-03,  1.002900E-03,  9.761800E-04,  9.540400E-04
 4.900000E+00,  1.104900E-03,  1.048600E-03,  1.014800E-03,  9.883600E-04,  9.667400E-04
 5.000000E+00,  1.115200E-03,  1.059700E-03,  1.026100E-03,  1.000100E-03,  9.786100E-04
[Vgs, Id(Vbs= 0.000000E+00), Id(Vbs= -1.250000E+00), Id(Vbs= -2.500000E+00), Id(Vbs= -3.750000E+00), Id(Vbs= -5.000000E+00), Vds= 5.500000E+00, Ref_Vs=0]
 0.000000E+00,  1.500000E-13,  1.200000E-13,  1.500000E-13,  2.500000E-13,  4.300000E-13
 1.000000E-01,  5.900000E-13,  1.300000E-13,  1.600000E-13,  2.400000E-13,  4.100000E-13
 2.000000E-01,  5.320000E-12,  1.000000E-13,  1.300000E-13,  2.300000E-13,  4.400000E-13
 3.000000E-01,  5.985000E-11,  1.100000E-13,  1.300000E-13,  2.400000E-13,  4.100000E-13
 4.000000E-01,  7.240700E-10,  1.000000E-13,  1.500000E-13,  2.100000E-13,  4.000000E-13
 5.000000E-01,  9.554400E-09,  3.400000E-13,  1.700000E-13,  2.100000E-13,  4.200000E-13
 6.000000E-01,  1.316600E-07,  5.670000E-12,  1.500000E-13,  2.100000E-13,  4.100000E-13
 7.000000E-01,  1.660000E-06,  1.379500E-10,  7.100000E-13,  2.200000E-13,  3.900000E-13
 8.000000E-01,  1.391700E-05,  3.479600E-09,  1.759000E-11,  5.100000E-13,  4.100000E-13
 9.000000E-01,  5.967100E-05,  8.320100E-08,  4.954400E-10,  9.270000E-12,  7.100000E-13
 1.000000E+00,  1.576100E-04,  1.705000E-06,  1.408200E-08,  2.773800E-10,  9.610000E-12
 1.100000E+00,  3.097100E-04,  1.800100E-05,  3.625600E-07,  8.216000E-09,  2.868000E-10
 1.200000E+00,  5.086600E-04,  8.010300E-05,  6.009900E-06,  2.186000E-07,  8.432000E-09
 1.300000E+00,  7.497900E-04,  2.066400E-04,  4.201000E-05,  4.156400E-06,  2.321600E-07
 1.400000E+00,  1.022700E-03,  3.917600E-04,  1.378300E-04,  3.313500E-05,  4.299700E-06
 1.500000E+00,  1.324900E-03,  6.273100E-04,  2.994000E-04,  1.200300E-04,  3.422200E-05
 1.600000E+00,  1.648600E-03,  9.015300E-04,  5.158200E-04,  2.727300E-04,  1.220800E-04
 1.700000E+00,  1.988700E-03,  1.204700E-03,  7.745500E-04,  4.810800E-04,  2.745700E-04
 1.800000E+00,  2.346300E-03,  1.535100E-03,  1.069900E-03,  7.365900E-04,  4.850300E-04
 1.900000E+00,  2.713100E-03,  1.881900E-03,  1.389600E-03,  1.025200E-03,  7.385100E-04
 2.000000E+00,  3.092800E-03,  2.247100E-03,  1.733300E-03,  1.344000E-03,  1.029200E-03
 2.100000E+00,  3.480700E-03,  2.624800E-03,  2.093800E-03,  1.684600E-03,  1.347500E-03
 2.200000E+00,  3.872700E-03,  3.010000E-03,  2.465300E-03,  2.040200E-03,  1.685200E-03
 2.300000E+00,  4.273300E-03,  3.406200E-03,  2.850400E-03,  2.412100E-03,  2.042400E-03
 2.400000E+00,  4.675000E-03,  3.805800E-03,  3.241100E-03,  2.792100E-03,  2.410200E-03
 2.500000E+00,  5.084300E-03,  4.214200E-03,  3.642200E-03,  3.184200E-03,  2.792300E-03
 2.600000E+00,  5.497100E-03,  4.627600E-03,  4.049500E-03,  3.583900E-03,  3.183500E-03
 2.700000E+00,  5.909400E-03,  5.041300E-03,  4.458400E-03,  3.986400E-03,  3.579000E-03
 2.800000E+00,  6.327200E-03,  5.461200E-03,  4.874300E-03,  4.396900E-03,  3.983400E-03
 2.900000E+00,  6.743700E-03,  5.880400E-03,  5.290300E-03,  4.808200E-03,  4.389300E-03
 3.000000E+00,  7.165200E-03,  6.305200E-03,  5.712300E-03,  5.226300E-03,  4.802800E-03
 3.100000E+00,  7.587900E-03,  6.731200E-03,  6.136300E-03,  5.646800E-03,  5.219400E-03
 3.200000E+00,  8.007900E-03,  7.155000E-03,  6.558200E-03,  6.065800E-03,  5.634900E-03
 3.300000E+00,  8.432000E-03,  7.582900E-03,  6.984800E-03,  6.489700E-03,  6.055600E-03
 3.400000E+00,  8.853600E-03,  8.008500E-03,  7.409200E-03,  6.912000E-03,  6.475200E-03
 3.500000E+00,  9.278600E-03,  8.437600E-03,  7.837500E-03,  7.338200E-03,  6.899000E-03
 3.600000E+00,  9.703800E-03,  8.866900E-03,  8.266200E-03,  7.765200E-03,  7.323800E-03
 3.700000E+00,  1.012600E-02,  9.293000E-03,  8.691800E-03,  8.189400E-03,  7.746100E-03
 3.800000E+00,  1.055100E-02,  9.722300E-03,  9.120900E-03,  8.617000E-03,  8.172200E-03
 3.900000E+00,  1.097300E-02,  1.014800E-02,  9.546400E-03,  9.041400E-03,  8.594900E-03
 4.000000E+00,  1.139600E-02,  1.057600E-02,  9.974200E-03,  9.468300E-03,  9.020400E-03
 4.100000E+00,  1.182200E-02,  1.100300E-02,  1.040200E-02,  9.895100E-03,  9.445900E-03
 4.200000E+00,  1.224100E-02,  1.142900E-02,  1.082600E-02,  1.031800E-02,  9.868100E-03
 4.300000E+00,  1.266400E-02,  1.185500E-02,  1.125200E-02,  1.074400E-02,  1.029300E-02
 4.400000E+00,  1.308500E-02,  1.228000E-02,  1.167900E-02,  1.116900E-02,  1.071600E-02
 4.500000E+00,  1.350200E-02,  1.270000E-02,  1.210000E-02,  1.159100E-02,  1.113600E-02
 4.600000E+00,  1.392100E-02,  1.312300E-02,  1.252300E-02,  1.201400E-02,  1.156000E-02
 4.700000E+00,  1.433500E-02,  1.354100E-02,  1.294200E-02,  1.243200E-02,  1.197800E-02
 4.800000E+00,  1.475100E-02,  1.396000E-02,  1.336100E-02,  1.285100E-02,  1.239600E-02
 4.900000E+00,  1.516600E-02,  1.437900E-02,  1.378100E-02,  1.327000E-02,  1.281500E-02
 5.000000E+00,  1.557500E-02,  1.479200E-02,  1.419500E-02,  1.368400E-02,  1.322800E-02
{id_vd}
[Vds, Id(Vgs= 1.001000E+00), Id(Vgs= 2.000000E+00), Id(Vgs= 2.999000E+00), Id(Vgs= 3.998000E+00), Id(Vgs= 4.997000E+00), Vbs= 0.000000E+00, Ref_Vs=0]
 0.000000E+00,  -7.463300E-07,  -4.155300E-06,  -6.137700E-06,  -7.673200E-06,  -8.508000E-06
 1.000000E-01,  7.518600E-05,  5.081500E-04,  7.905600E-04,  9.810600E-04,  1.107800E-03
 2.000000E-01,  1.010000E-04,  9.679000E-04,  1.548000E-03,  1.939400E-03,  2.200600E-03
 3.000000E-01,  1.074100E-04,  1.367700E-03,  2.254800E-03,  2.854000E-03,  3.255200E-03
 4.000000E-01,  1.099800E-04,  1.710700E-03,  2.917100E-03,  3.733900E-03,  4.283600E-03
 5.000000E-01,  1.117200E-04,  1.989800E-03,  3.519900E-03,  4.560300E-03,  5.264000E-03
 6.000000E-01,  1.131200E-04,  2.210600E-03,  4.070300E-03,  5.342400E-03,  6.208200E-03
 7.000000E-01,  1.143600E-04,  2.374200E-03,  4.561100E-03,  6.070500E-03,  7.104700E-03
 8.000000E-01,  1.154700E-04,  2.487400E-03,  4.988600E-03,  6.737500E-03,  7.944400E-03
 9.000000E-01,  1.165100E-04,  2.562600E-03,  5.360700E-03,  7.353000E-03,  8.738700E-03
 1.000000E+00,  1.174900E-04,  2.610600E-03,  5.673400E-03,  7.907500E-03,  9.474900E-03
 1.100000E+00,  1.184100E-04,  2.642700E-03,  5.934400E-03,  8.410000E-03,  1.016400E-02
 1.200000E+00,  1.192900E-04,  2.665600E-03,  6.145600E-03,  8.857600E-03,  1.079900E-02
 1.300000E+00,  1.201500E-04,  2.683100E-03,  6.310900E-03,  9.249100E-03,  1.137800E-02
 1.400000E+00,  1.209600E-04,  2.697600E-03,  6.439000E-03,  9.593400E-03,  1.191200E-02
 1.500000E+00,  1.217500E-04,  2.710300E-03,  6.535600E-03,  9.890000E-03,  1.239600E-02
 1.600000E+00,  1.225100E-04,  2.721500E-03,  6.606900E-03,  1.014000E-02,  1.282800E-02
 1.700000E+00,  1.232400E-04,  2.731800E-03,  6.660300E-03,  1.035200E-02,  1.321800E-02
 1.800000E+00,  1.239700E-04,  2.741300E-03,  6.700600E-03,  1.052600E-02,  1.356300E-02
 1.900000E+00,  1.246800E-04,  2.750200E-03,  6.732200E-03,  1.067000E-02,  1.387000E-02
 2.000000E+00,  1.253800E-04,  2.758700E-03,  6.757700E-03,  1.078500E-02,  1.413800E-02
 2.100000E+00,  1.260500E-04,  2.766600E-03,  6.778900E-03,  1.087600E-02,  1.436900E-02
 2.200000E+00,  1.267100E-04,  2.774200E-03,  6.797200E-03,  1.094800E-02,  1.457000E-02
 2.300000E+00,  1.273500E-04,  2.781400E-03,  6.813300E-03,  1.100500E-02,  1.473900E-02
 2.400000E+00,  1.280000E-04,  2.788600E-03,  6.827800E-03,  1.105000E-02,  1.488300E-02
 2.500000E+00,  1.286400E-04,  2.795300E-03,  6.841100E-03,  1.108700E-02,  1.500300E-02
 2.600000E+00,  1.292600E-04,  2.801900E-03,  6.853100E-03,  1.111600E-02,  1.510200E-02
 2.700000E+00,  1.298800E-04,  2.808400E-03,  6.864300E-03,  1.114100E-02,  1.518300E-02
 2.800000E+00,  1.304900E-04,  2.814600E-03,  6.874800E-03,  1.116100E-02,  1.524900E-02
 2.900000E+00,  1.310900E-04,  2.820700E-03,  6.884500E-03,  1.117900E-02,  1.530300E-02
 3.000000E+00,  1.317000E-04,  2.826700E-03,  6.893800E-03,  1.119500E-02,  1.534700E-02
 3.100000E+00,  1.323000E-04,  2.832500E-03,  6.902600E-03,  1.120800E-02,  1.538300E-02
 3.200000E+00,  1.329200E-04,  2.838200E-03,  6.911000E-03,  1.122000E-02,  1.541200E-02
 3.300000E+00,  1.335400E-04,  2.844100E-03,  6.919000E-03,  1.123100E-02,  1.543600E-02
 3.400000E+00,  1.341500E-04,  2.849600E-03,  6.926600E-03,  1.124100E-02,  1.545600E-02
 3.500000E+00,  1.348000E-04,  2.855400E-03,  6.934100E-03,  1.125000E-02,  1.547300E-02
 3.600000E+00,  1.354600E-04,  2.861100E-03,  6.941300E-03,  1.125800E-02,  1.548600E-02
 3.700000E+00,  1.361300E-04,  2.866900E-03,  6.948400E-03,  1.126500E-02,  1.549800E-02
 3.800000E+00,  1.368500E-04,  2.872800E-03,  6.955300E-03,  1.127200E-02,  1.550800E-02
 3.900000E+00,  1.375700E-04,  2.878900E-03,  6.962100E-03,  1.127800E-02,  1.551700E-02
 4.000000E+00,  1.383300E-04,  2.885300E-03,  6.968900E-03,  1.128400E-02,  1.552400E-02
 4.100000E+00,  1.391600E-04,  2.892000E-03,  6.975800E-03,  1.129000E-02,  1.553000E-02
 4.200000E+00,  1.400200E-04,  2.899200E-03,  6.982800E-03,  1.129500E-02,  1.553500E-02
 4.300000E+00,  1.409500E-04,  2.906900E-03,  6.990200E-03,  1.130000E-02,  1.553900E-02
 4.400000E+00,  1.419400E-04,  2.915200E-03,  6.997900E-03,  1.130500E-02,  1.554200E-02
 4.500000E+00,  1.429900E-04,  2.924400E-03,  7.006100E-03,  1.131000E-02,  1.554500E-02
 4.600000E+00,  1.441100E-04,  2.934300E-03,  7.014700E-03,  1.131400E-02,  1.554800E-02
 4.700000E+00,  1.453300E-04,  2.945500E-03,  7.024500E-03,  1.131900E-02,  1.555000E-02
 4.800000E+00,  1.465900E-04,  2.957900E-03,  7.035000E-03,  1.132500E-02,  1.555100E-02
 4.900000E+00,  1.479700E-04,  2.971500E-03,  7.047000E-03,  1.133000E-02,  1.555200E-02
 5.000000E+00,  1.494600E-04,  2.986800E-03,  7.060400E-03,  1.133700E-02,  1.555300E-02
 5.100000E+00,  1.510200E-04,  3.003800E-03,  7.075500E-03,  1.134400E-02,  1.555400E-02
 5.200000E+00,  1.526800E-04,  3.022500E-03,  7.092700E-03,  1.135200E-02,  1.555600E-02
 5.300000E+00,  1.544500E-04,  3.043300E-03,  7.112400E-03,  1.136100E-02,  1.555700E-02
 5.400000E+00,  1.562800E-04,  3.066100E-03,  7.134600E-03,  1.137200E-02,  1.555900E-02
 5.500000E+00,  1.582600E-04,  3.091200E-03,  7.160200E-03,  1.138500E-02,  1.556100E-02
[Vds, Id(Vgs= 1.001000E+00), Id(Vgs= 2.000000E+00), Id(Vgs= 2.999000E+00), Id(Vgs= 3.998000E+00), Id(Vgs= 4.997000E+00), Vbs= -5.000000E+00, Ref_Vs=0]
 0.000000E+00,  7.000000E-14,  -1.470900E-06,  -3.116600E-06,  -3.839400E-06,  -4.359000E-06
 1.000000E-01,  7.600000E-13,  2.328800E-04,  5.985100E-04,  8.253000E-04,  9.721900E-04
 2.000000E-01,  8.500000E-13,  4.130100E-04,  1.162800E-03,  1.627500E-03,  1.928700E-03
 3.000000E-01,  8.900000E-13,  5.388000E-04,  1.680100E-03,  2.390300E-03,  2.852000E-03
 4.000000E-01,  9.700000E-13,  6.190200E-04,  2.153700E-03,  3.120700E-03,  3.751000E-03
 5.000000E-01,  1.010000E-12,  6.650400E-04,  2.572400E-03,  3.801600E-03,  4.606800E-03
 6.000000E-01,  1.060000E-12,  6.919200E-04,  2.941000E-03,  4.440900E-03,  5.429400E-03
 7.000000E-01,  1.130000E-12,  7.092800E-04,  3.255300E-03,  5.029800E-03,  6.207400E-03
 8.000000E-01,  1.180000E-12,  7.220800E-04,  3.514800E-03,  5.562600E-03,  6.933700E-03
 9.000000E-01,  1.250000E-12,  7.326700E-04,  3.726400E-03,  6.047300E-03,  7.617900E-03
 1.000000E+00,  1.310000E-12,  7.418700E-04,  3.891300E-03,  6.476900E-03,  8.248500E-03
 1.100000E+00,  1.410000E-12,  7.503100E-04,  4.018100E-03,  6.858800E-03,  8.835000E-03
 1.200000E+00,  1.490000E-12,  7.580700E-04,  4.112500E-03,  7.191500E-03,  9.372800E-03
 1.300000E+00,  1.550000E-12,  7.653200E-04,  4.181300E-03,  7.475200E-03,  9.858600E-03
 1.400000E+00,  1.620000E-12,  7.723300E-04,  4.232500E-03,  7.717700E-03,  1.030200E-02
 1.500000E+00,  1.690000E-12,  7.789800E-04,  4.271600E-03,  7.920000E-03,  1.070000E-02
 1.600000E+00,  1.780000E-12,  7.853400E-04,  4.302000E-03,  8.085100E-03,  1.105200E-02
 1.700000E+00,  1.840000E-12,  7.916300E-04,  4.327200E-03,  8.220100E-03,  1.136600E-02
 1.800000E+00,  1.950000E-12,  7.976300E-04,  4.348600E-03,  8.327500E-03,  1.164000E-02
 1.900000E+00,  2.050000E-12,  8.035400E-04,  4.367500E-03,  8.413500E-03,  1.188000E-02
 2.000000E+00,  2.140000E-12,  8.093400E-04,  4.384600E-03,  8.481500E-03,  1.208600E-02
 2.100000E+00,  2.260000E-12,  8.148800E-04,  4.400200E-03,  8.535000E-03,  1.226000E-02
 2.200000E+00,  2.340000E-12,  8.204500E-04,  4.414900E-03,  8.578500E-03,  1.240900E-02
 2.300000E+00,  2.440000E-12,  8.258900E-04,  4.428500E-03,  8.613700E-03,  1.253200E-02
 2.400000E+00,  2.580000E-12,  8.312100E-04,  4.441500E-03,  8.643200E-03,  1.263600E-02
 2.500000E+00,  2.690000E-12,  8.364800E-04,  4.453900E-03,  8.668400E-03,  1.272100E-02
 2.600000E+00,  2.800000E-12,  8.417200E-04,  4.465700E-03,  8.690200E-03,  1.279000E-02
 2.700000E+00,  2.940000E-12,  8.468300E-04,  4.477200E-03,  8.709600E-03,  1.284800E-02
 2.800000E+00,  3.060000E-12,  8.519600E-04,  4.488100E-03,  8.727100E-03,  1.289400E-02
 2.900000E+00,  3.170000E-12,  8.570300E-04,  4.498800E-03,  8.743100E-03,  1.293300E-02
 3.000000E+00,  3.300000E-12,  8.620400E-04,  4.509100E-03,  8.757800E-03,  1.296500E-02
 3.100000E+00,  3.460000E-12,  8.669700E-04,  4.519000E-03,  8.771400E-03,  1.299200E-02
 3.200000E+00,  3.610000E-12,  8.719700E-04,  4.528800E-03,  8.784200E-03,  1.301600E-02
 3.300000E+00,  3.750000E-12,  8.768600E-04,  4.538400E-03,  8.796100E-03,  1.303600E-02
 3.400000E+00,  3.930000E-12,  8.817400E-04,  4.547700E-03,  8.807400E-03,  1.305300E-02
 3.500000E+00,  4.100000E-12,  8.866900E-04,  4.557000E-03,  8.818100E-03,  1.306900E-02
 3.600000E+00,  4.260000E-12,  8.915500E-04,  4.566100E-03,  8.828200E-03,  1.308200E-02
 3.700000E+00,  4.440000E-12,  8.965500E-04,  4.575100E-03,  8.838000E-03,  1.309500E-02
 3.800000E+00,  4.640000E-12,  9.015700E-04,  4.584100E-03,  8.847500E-03,  1.310600E-02
 3.900000E+00,  4.840000E-12,  9.066400E-04,  4.592900E-03,  8.856300E-03,  1.311600E-02
 4.000000E+00,  5.030000E-12,  9.118400E-04,  4.601800E-03,  8.865100E-03,  1.312500E-02
 4.100000E+00,  5.210000E-12,  9.171200E-04,  4.610700E-03,  8.873600E-03,  1.313400E-02
 4.200000E+00,  5.460000E-12,  9.226200E-04,  4.619800E-03,  8.881800E-03,  1.314100E-02
 4.300000E+00,  5.720000E-12,  9.283000E-04,  4.629100E-03,  8.890000E-03,  1.314800E-02
 4.400000E+00,  5.950000E-12,  9.341800E-04,  4.638500E-03,  8.898100E-03,  1.315500E-02
 4.500000E+00,  6.240000E-12,  9.403700E-04,  4.648400E-03,  8.906100E-03,  1.316100E-02
 4.600000E+00,  6.520000E-12,  9.468700E-04,  4.658700E-03,  8.914300E-03,  1.316700E-02
 4.700000E+00,  6.810000E-12,  9.538100E-04,  4.669600E-03,  8.922600E-03,  1.317200E-02
 4.800000E+00,  7.120000E-12,  9.612300E-04,  4.681200E-03,  8.931100E-03,  1.317700E-02
 4.900000E+00,  7.440000E-12,  9.690400E-04,  4.693800E-03,  8.940000E-03,  1.318200E-02
 5.000000E+00,  7.790000E-12,  9.774599E-04,  4.707500E-03,  8.949500E-03,  1.318800E-02
 5.100000E+00,  8.150000E-12,  9.864500E-04,  4.722400E-03,  8.959500E-03,  1.319300E-02
 5.200000E+00,  8.540000E-12,  9.960200E-04,  4.738800E-03,  8.970300E-03,  1.319700E-02
 5.300000E+00,  8.940000E-12,  1.006400E-03,  4.757000E-03,  8.982200E-03,  1.320300E-02
 5.400000E+00,  9.380000E-12,  1.017300E-03,  4.777000E-03,  8.995200E-03,  1.320900E-02
 5.500000E+00,  9.820000E-12,  1.029100E-03,  4.799400E-03,  9.010100E-03,  1.321500E-02
{Isub_Vg}
[Vgs, Ib(Vds= 2.000000E+00), Ib(Vds= 2.750000E+00), Ib(Vds= 3.500000E+00), Ib(Vds= 4.250000E+00), Ib(Vds= 5.000000E+00), Vbs= 0.000000E+00, Ref_Vs=0]
 0.000000E+00,  -4.100000E-12,  -2.450000E-12,  -8.000000E-12,  -6.000000E-13,  -3.190000E-12
 1.000000E-01,  -5.700000E-12,  -7.720000E-12,  -8.900000E-12,  -1.270000E-11,  -2.103000E-11
 2.000000E-01,  -5.920000E-12,  -1.682000E-11,  -7.300000E-12,  -6.856000E-10,  -1.223000E-11
 3.000000E-01,  -1.705000E-11,  -2.870000E-12,  -3.400000E-12,  -1.030000E-11,  -1.142000E-11
 4.000000E-01,  -1.100000E-11,  -5.950000E-12,  -9.440000E-12,  -2.566000E-11,  -5.611000E-11
 5.000000E-01,  -2.910000E-12,  -1.121200E-10,  -5.580000E-11,  -2.499100E-10,  -6.622700E-10
 6.000000E-01,  -2.657000E-11,  -1.295300E-10,  -6.568300E-10,  -2.746380E-09,  -7.965730E-09
 7.000000E-01,  -2.314200E-10,  -9.812600E-10,  -6.584370E-09,  -2.968370E-08,  -9.001880E-08
 8.000000E-01,  -7.848700E-10,  -5.462490E-09,  -4.408290E-08,  -2.141040E-07,  -6.757990E-07
 9.000000E-01,  -1.020550E-09,  -1.582990E-08,  -1.539910E-07,  -7.951940E-07,  -2.621660E-06
 1.000000E+00,  -1.051380E-09,  -3.017730E-08,  -3.339640E-07,  -1.821470E-06,  -6.280130E-06
 1.100000E+00,  -1.128190E-09,  -4.312600E-08,  -5.392980E-07,  -3.106780E-06,  -1.118423E-05
 1.200000E+00,  -1.184720E-09,  -5.141440E-08,  -7.290340E-07,  -4.433200E-06,  -1.664880E-05
 1.300000E+00,  -1.180490E-09,  -5.440730E-08,  -8.821780E-07,  -5.668150E-06,  -2.219870E-05
 1.400000E+00,  -1.238320E-09,  -5.286400E-08,  -9.866339E-07,  -6.706310E-06,  -2.736520E-05
 1.500000E+00,  -1.347890E-09,  -4.826440E-08,  -1.043326E-06,  -7.518230E-06,  -3.196500E-05
 1.600000E+00,  -1.513360E-09,  -4.201180E-08,  -1.055980E-06,  -8.085530E-06,  -3.580130E-05
 1.700000E+00,  -1.495700E-09,  -3.286740E-08,  -1.032394E-06,  -8.419560E-06,  -3.880830E-05
 1.800000E+00,  -1.771860E-09,  -2.858850E-08,  -9.800270E-07,  -8.547340E-06,  -4.101580E-05
 1.900000E+00,  -1.941330E-09,  -2.276950E-08,  -9.080160E-07,  -8.494450E-06,  -4.242140E-05
 2.000000E+00,  -2.188360E-09,  -1.784280E-08,  -8.227670E-07,  -8.289960E-06,  -4.310640E-05
 2.100000E+00,  -2.331430E-09,  -1.394900E-08,  -7.310840E-07,  -7.964810E-06,  -4.313920E-05
 2.200000E+00,  -2.540040E-09,  -1.097620E-08,  -6.389400E-07,  -7.551120E-06,  -4.260420E-05
 2.300000E+00,  -2.828790E-09,  -8.778800E-09,  -5.487480E-07,  -7.068500E-06,  -4.158460E-05
 2.400000E+00,  -3.006540E-09,  -9.293500E-09,  -4.650300E-07,  -6.546540E-06,  -4.018320E-05
 2.500000E+00,  -3.233460E-09,  -6.154700E-09,  -3.881100E-07,  -5.996870E-06,  -3.845860E-05
 2.600000E+00,  -3.417410E-09,  -5.479100E-09,  -3.199210E-07,  -5.438270E-06,  -3.649750E-05
 2.700000E+00,  -3.727400E-09,  -5.099600E-09,  -2.611330E-07,  -4.891040E-06,  -3.438190E-05
 2.800000E+00,  -4.116920E-09,  -4.884300E-09,  -2.105200E-07,  -4.356100E-06,  -3.214440E-05
 2.900000E+00,  -4.249060E-09,  -4.927340E-09,  -1.685960E-07,  -3.850760E-06,  -2.987020E-05
 3.000000E+00,  -4.605720E-09,  -5.082850E-09,  -1.336750E-07,  -3.372590E-06,  -2.756510E-05
 3.100000E+00,  -4.805750E-09,  -5.075850E-09,  -1.054160E-07,  -2.930070E-06,  -2.529080E-05
 3.200000E+00,  -5.034240E-09,  -5.291250E-09,  -8.307390E-08,  -2.529490E-06,  -2.309130E-05
 3.300000E+00,  -5.305070E-09,  -5.480800E-09,  -6.500380E-08,  -2.164770E-06,  -2.095440E-05
 3.400000E+00,  -5.513710E-09,  -5.841210E-09,  -5.109350E-08,  -1.841460E-06,  -1.893080E-05
 3.500000E+00,  -5.792480E-09,  -6.029630E-09,  -4.019420E-08,  -1.553720E-06,  -1.700180E-05
 3.600000E+00,  -6.073390E-09,  -6.262000E-09,  -3.193300E-08,  -1.302560E-06,  -1.519560E-05
 3.700000E+00,  -6.288970E-09,  -6.618870E-09,  -2.557410E-08,  -1.086570E-06,  -1.352850E-05
 3.800000E+00,  -6.747020E-09,  -6.924270E-09,  -2.090170E-08,  -8.996460E-07,  -1.197580E-05
 3.900000E+00,  -6.734300E-09,  -7.058640E-09,  -1.739340E-08,  -7.413890E-07,  -1.056370E-05
 4.000000E+00,  -7.115500E-09,  -7.097700E-09,  -1.485040E-08,  -6.074710E-07,  -9.268840E-06
 4.100000E+00,  -7.264700E-09,  -7.441800E-09,  -1.321750E-08,  -4.951080E-07,  -8.095740E-06
 4.200000E+00,  -7.596700E-09,  -7.646900E-09,  -1.175230E-08,  -4.021160E-07,  -7.049040E-06
 4.300000E+00,  -7.593800E-09,  -7.925300E-09,  -1.092390E-08,  -3.251370E-07,  -6.106300E-06
 4.400000E+00,  -7.871100E-09,  -8.236600E-09,  -1.034440E-08,  -2.618520E-07,  -5.269410E-06
 4.500000E+00,  -8.110900E-09,  -8.585200E-09,  -1.007250E-08,  -2.107180E-07,  -4.532740E-06
 4.600000E+00,  -8.337200E-09,  -8.783700E-09,  -9.968200E-09,  -1.688860E-07,  -3.886610E-06
 4.700000E+00,  -8.563300E-09,  -9.164600E-09,  -9.935600E-09,  -1.352480E-07,  -3.323610E-06
 4.800000E+00,  -8.550900E-09,  -9.581000E-09,  -9.994000E-09,  -1.085310E-07,  -2.832410E-06
 4.900000E+00,  -9.041100E-09,  -9.708500E-09,  -1.015970E-08,  -8.669550E-08,  -2.407290E-06
 5.000000E+00,  -7.043000E-09,  -9.925600E-09,  -1.032080E-08,  -6.989600E-08,  -2.045090E-06
[Vgs, Id(Vds= 2.000000E+00), Id(Vds= 2.750000E+00), Id(Vds= 3.500000E+00), Id(Vds= 4.250000E+00), Id(Vds= 5.000000E+00), Vbs= 0.000000E+00, Ref_Vs=0]
 0.000000E+00,  1.200000E-13,  1.300000E-13,  1.400000E-13,  1.300000E-13,  1.600000E-13
 1.000000E-01,  4.700000E-13,  5.200000E-13,  5.200000E-13,  5.500000E-13,  6.200000E-13
 2.000000E-01,  4.390000E-12,  4.570000E-12,  4.700000E-12,  4.980000E-12,  5.500000E-12
 3.000000E-01,  4.854000E-11,  5.086000E-11,  5.232000E-11,  5.550000E-11,  6.105000E-11
 4.000000E-01,  5.793900E-10,  6.080300E-10,  6.371200E-10,  6.773700E-10,  7.313400E-10
 5.000000E-01,  7.555070E-09,  7.960880E-09,  8.325290E-09,  8.812300E-09,  9.566400E-09
 6.000000E-01,  1.026320E-07,  1.083520E-07,  1.137440E-07,  1.203870E-07,  1.301690E-07
 7.000000E-01,  1.278410E-06,  1.347010E-06,  1.414440E-06,  1.479810E-06,  1.601130E-06
 8.000000E-01,  1.071987E-05,  1.124650E-05,  1.171970E-05,  1.229940E-05,  1.320280E-05
 9.000000E-01,  4.654410E-05,  4.850110E-05,  5.040080E-05,  5.278910E-05,  5.625960E-05
 1.000000E+00,  1.248820E-04,  1.296370E-04,  1.342290E-04,  1.397660E-04,  1.487290E-04
 1.100000E+00,  2.490890E-04,  2.576860E-04,  2.659150E-04,  2.759960E-04,  2.925460E-04
 1.200000E+00,  4.149290E-04,  4.280570E-04,  4.404620E-04,  4.557170E-04,  4.813610E-04
 1.300000E+00,  6.200380E-04,  6.381520E-04,  6.550140E-04,  6.756430E-04,  7.111290E-04
 1.400000E+00,  8.566530E-04,  8.798510E-04,  9.012410E-04,  9.270880E-04,  9.721820E-04
 1.500000E+00,  1.123471E-03,  1.151910E-03,  1.177660E-03,  1.208420E-03,  1.262710E-03
 1.600000E+00,  1.414170E-03,  1.447760E-03,  1.477710E-03,  1.512900E-03,  1.575460E-03
 1.700000E+00,  1.724200E-03,  1.762860E-03,  1.796640E-03,  1.835700E-03,  1.905430E-03
 1.800000E+00,  2.055090E-03,  2.098700E-03,  2.136010E-03,  2.178440E-03,  2.254170E-03
 1.900000E+00,  2.398850E-03,  2.447110E-03,  2.487850E-03,  2.533080E-03,  2.613450E-03
 2.000000E+00,  2.758810E-03,  2.811750E-03,  2.855640E-03,  2.903110E-03,  2.986980E-03
 2.100000E+00,  3.130230E-03,  3.187850E-03,  3.234430E-03,  3.283880E-03,  3.370070E-03
 2.200000E+00,  3.509140E-03,  3.571190E-03,  3.620440E-03,  3.671310E-03,  3.758820E-03
 2.300000E+00,  3.899090E-03,  3.965930E-03,  4.017490E-03,  4.069470E-03,  4.157310E-03
 2.400000E+00,  4.292920E-03,  4.364490E-03,  4.418240E-03,  4.470900E-03,  4.558380E-03
 2.500000E+00,  4.696070E-03,  4.772770E-03,  4.828620E-03,  4.881650E-03,  4.967980E-03
 2.600000E+00,  5.104390E-03,  5.186680E-03,  5.244280E-03,  5.297600E-03,  5.382240E-03
 2.700000E+00,  5.513450E-03,  5.601710E-03,  5.660990E-03,  5.714360E-03,  5.796780E-03
 2.800000E+00,  5.928520E-03,  6.023530E-03,  6.084680E-03,  6.137870E-03,  6.217640E-03
 2.900000E+00,  6.342440E-03,  6.445330E-03,  6.508140E-03,  6.560950E-03,  6.637830E-03
 3.000000E+00,  6.761060E-03,  6.872980E-03,  6.937510E-03,  6.989900E-03,  7.063600E-03
 3.100000E+00,  7.179790E-03,  7.302400E-03,  7.368710E-03,  7.420740E-03,  7.490810E-03
 3.200000E+00,  7.594180E-03,  7.729400E-03,  7.797800E-03,  7.849080E-03,  7.915960E-03
 3.300000E+00,  8.010150E-03,  8.160590E-03,  8.231120E-03,  8.281790E-03,  8.345160E-03
 3.400000E+00,  8.420740E-03,  8.589210E-03,  8.662290E-03,  8.712280E-03,  8.772070E-03
 3.500000E+00,  8.830760E-03,  9.021050E-03,  9.096940E-03,  9.146310E-03,  9.202470E-03
 3.600000E+00,  9.236360E-03,  9.452540E-03,  9.531620E-03,  9.580500E-03,  9.633230E-03
 3.700000E+00,  9.633610E-03,  9.880180E-03,  9.963010E-03,  1.001137E-02,  1.006069E-02
 3.800000E+00,  1.002827E-02,  1.031013E-02,  1.039731E-02,  1.044610E-02,  1.049120E-02
 3.900000E+00,  1.041315E-02,  1.073620E-02,  1.082756E-02,  1.087630E-02,  1.091783E-02
 4.000000E+00,  1.079350E-02,  1.116230E-02,  1.125980E-02,  1.130840E-02,  1.134760E-02
 4.100000E+00,  1.116660E-02,  1.158650E-02,  1.169210E-02,  1.174020E-02,  1.177630E-02
 4.200000E+00,  1.153040E-02,  1.200560E-02,  1.211910E-02,  1.216750E-02,  1.220080E-02
 4.300000E+00,  1.188760E-02,  1.242430E-02,  1.254810E-02,  1.259710E-02,  1.262770E-02
 4.400000E+00,  1.223660E-02,  1.283990E-02,  1.297530E-02,  1.302510E-02,  1.305290E-02
 4.500000E+00,  1.257450E-02,  1.324850E-02,  1.339800E-02,  1.344870E-02,  1.347440E-02
 4.600000E+00,  1.290680E-02,  1.365600E-02,  1.382120E-02,  1.387380E-02,  1.389700E-02
 4.700000E+00,  1.322850E-02,  1.405600E-02,  1.423960E-02,  1.429450E-02,  1.431520E-02
 4.800000E+00,  1.354250E-02,  1.445250E-02,  1.465730E-02,  1.471490E-02,  1.473380E-02
 4.900000E+00,  1.385030E-02,  1.484550E-02,  1.507420E-02,  1.513520E-02,  1.515240E-02
 5.000000E+00,  1.414630E-02,  1.522890E-02,  1.548510E-02,  1.554980E-02,  1.556560E-02
