ObjInfo{}
ModelType{DC}
DataType{NMOS}
Delimitor{,}
Workingmode{FORWARD}
Instance{L= 1.000000E+00, W= 2.000000E+01, T= 1.250000E+02}
Input{Vgs, Vbs, Vds}
Output{Ids}
{Id_Vg}
[Vgs, Ids(Vbs= 0.000000E+00), Ids(Vbs= -8.250000E-01), Ids(Vbs= -1.650000E+00), Ids(Vbs= -2.475000E+00), Ids(Vbs= -3.300000E+00), Vds= 1.000000E-01]
 0.000000E+00,  4.269000E-11,  7.840000E-11,  9.546000E-11,  1.120300E-10,  1.287300E-10
 5.000000E-02,  4.588000E-11,  7.584000E-11,  9.547000E-11,  1.135200E-10,  1.321200E-10
 1.000000E-01,  5.628000E-11,  7.477000E-11,  9.706000E-11,  1.172500E-10,  1.376300E-10
 1.500000E-01,  7.956000E-11,  7.322000E-11,  9.765000E-11,  1.188100E-10,  1.398000E-10
 2.000000E-01,  1.324600E-10,  7.088000E-11,  9.712000E-11,  1.196600E-10,  1.426100E-10
 2.500000E-01,  2.641800E-10,  6.723000E-11,  9.553000E-11,  1.201900E-10,  1.446800E-10
 3.000000E-01,  6.140200E-10,  6.309000E-11,  9.108000E-11,  1.176000E-10,  1.428000E-10
 3.500000E-01,  1.541900E-09,  6.192000E-11,  8.420000E-11,  1.108900E-10,  1.359300E-10
 4.000000E-01,  4.032500E-09,  7.015000E-11,  7.670000E-11,  1.024500E-10,  1.274600E-10
 4.500000E-01,  1.091300E-08,  1.046200E-10,  7.057000E-11,  9.490000E-11,  1.192800E-10
 5.000000E-01,  3.012200E-08,  2.215100E-10,  6.779000E-11,  8.706000E-11,  1.111100E-10
 5.500000E-01,  8.219600E-08,  6.063800E-10,  7.354000E-11,  7.996000E-11,  1.031800E-10
 6.000000E-01,  2.188400E-07,  1.869200E-09,  1.028400E-10,  7.518000E-11,  9.512000E-11
 6.500000E-01,  5.476900E-07,  5.908200E-09,  2.104400E-10,  7.520000E-11,  8.775000E-11
 7.000000E-01,  1.257600E-06,  1.940000E-08,  5.957800E-10,  9.022000E-11,  8.209000E-11
 7.500000E-01,  2.516500E-06,  6.106400E-08,  1.905400E-09,  1.493900E-10,  8.126000E-11
 8.000000E-01,  4.438700E-06,  1.849900E-07,  6.292000E-09,  3.659100E-10,  9.281000E-11
 8.500000E-01,  6.982600E-06,  5.154900E-07,  2.110500E-08,  1.127300E-09,  1.400600E-10
 9.000000E-01,  1.001500E-05,  1.262900E-06,  6.878400E-08,  3.777000E-09,  3.183100E-10
 9.500000E-01,  1.337300E-05,  2.639600E-06,  2.130500E-07,  1.150000E-08,  9.548800E-10
 1.000000E+00,  1.693100E-05,  4.724700E-06,  5.999500E-07,  4.302600E-08,  3.204200E-09
 1.050000E+00,  2.063600E-05,  7.455600E-06,  1.474100E-06,  1.411600E-07,  1.110600E-08
 1.100000E+00,  2.431700E-05,  1.056500E-05,  3.007800E-06,  4.193400E-07,  3.803300E-08
 1.150000E+00,  2.798000E-05,  1.391200E-05,  5.223900E-06,  1.085600E-06,  1.244100E-07
 1.200000E+00,  3.160500E-05,  1.737900E-05,  7.978000E-06,  2.365400E-06,  3.767500E-07
 1.250000E+00,  3.516600E-05,  2.087700E-05,  1.106600E-05,  4.335400E-06,  9.963500E-07
 1.300000E+00,  3.865800E-05,  2.436300E-05,  1.433200E-05,  6.881100E-06,  2.209800E-06
 1.350000E+00,  4.206900E-05,  2.780100E-05,  1.766500E-05,  9.799900E-06,  4.102600E-06
 1.400000E+00,  4.540200E-05,  3.118500E-05,  2.100900E-05,  1.292700E-05,  6.570500E-06
 1.450000E+00,  4.870000E-05,  3.454200E-05,  2.436600E-05,  1.618100E-05,  9.450100E-06
 1.500000E+00,  5.186600E-05,  3.777700E-05,  2.762400E-05,  1.940100E-05,  1.248300E-05
 1.550000E+00,  5.494900E-05,  4.093400E-05,  3.081600E-05,  2.259300E-05,  1.559300E-05
 1.600000E+00,  5.794800E-05,  4.400600E-05,  3.393400E-05,  2.573000E-05,  1.870500E-05
 1.650000E+00,  6.088300E-05,  4.701300E-05,  3.699200E-05,  2.882100E-05,  2.180100E-05
 1.700000E+00,  6.374600E-05,  4.994900E-05,  3.998100E-05,  3.184900E-05,  2.485200E-05
 1.750000E+00,  6.653800E-05,  5.281600E-05,  4.289900E-05,  3.480900E-05,  2.784600E-05
 1.800000E+00,  6.926700E-05,  5.561600E-05,  4.575300E-05,  3.770800E-05,  3.078200E-05
 1.850000E+00,  7.197200E-05,  5.839000E-05,  4.858200E-05,  4.058200E-05,  3.369700E-05
 1.900000E+00,  7.457300E-05,  6.106000E-05,  5.130300E-05,  4.334800E-05,  3.650400E-05
 1.950000E+00,  7.711500E-05,  6.366800E-05,  5.396400E-05,  4.605300E-05,  3.924800E-05
 2.000000E+00,  7.960400E-05,  6.622200E-05,  5.656900E-05,  4.870100E-05,  4.193600E-05
 2.050000E+00,  8.203700E-05,  6.872100E-05,  5.911600E-05,  5.129000E-05,  4.456400E-05
 2.100000E+00,  8.441900E-05,  7.116400E-05,  6.160800E-05,  5.382400E-05,  4.713700E-05
 2.150000E+00,  8.675300E-05,  7.355800E-05,  6.405000E-05,  5.630500E-05,  4.965600E-05
 2.200000E+00,  8.907200E-05,  7.593700E-05,  6.647500E-05,  5.877200E-05,  5.216000E-05
 2.250000E+00,  9.130900E-05,  7.823200E-05,  6.881500E-05,  6.115000E-05,  5.457400E-05
 2.300000E+00,  9.350500E-05,  8.048200E-05,  7.111000E-05,  6.348000E-05,  5.693800E-05
 2.350000E+00,  9.565500E-05,  8.269000E-05,  7.336000E-05,  6.576800E-05,  5.926000E-05
 2.400000E+00,  9.776800E-05,  8.485500E-05,  7.556700E-05,  6.801100E-05,  6.153500E-05
 2.450000E+00,  9.983800E-05,  8.697700E-05,  7.772900E-05,  7.020900E-05,  6.376400E-05
 2.500000E+00,  1.018700E-04,  8.906100E-05,  7.985200E-05,  7.236200E-05,  6.595100E-05
 2.550000E+00,  1.038700E-04,  9.110700E-05,  8.193400E-05,  7.448200E-05,  6.810000E-05
 2.600000E+00,  1.058600E-04,  9.314200E-05,  8.401400E-05,  7.659100E-05,  7.024100E-05
 2.650000E+00,  1.077800E-04,  9.511400E-05,  8.602100E-05,  7.863100E-05,  7.230700E-05
 2.700000E+00,  1.096700E-04,  9.704600E-05,  8.799100E-05,  8.063300E-05,  7.433700E-05
 2.750000E+00,  1.115200E-04,  9.894600E-05,  8.992500E-05,  8.260400E-05,  7.633000E-05
 2.800000E+00,  1.133500E-04,  1.008200E-04,  9.182900E-05,  8.453600E-05,  7.828800E-05
 2.850000E+00,  1.151400E-04,  1.026500E-04,  9.369900E-05,  8.643400E-05,  8.021400E-05
 2.900000E+00,  1.169000E-04,  1.044500E-04,  9.553500E-05,  8.829900E-05,  8.210500E-05
 2.950000E+00,  1.186600E-04,  1.062600E-04,  9.737000E-05,  9.016200E-05,  8.399300E-05
 3.000000E+00,  1.203700E-04,  1.080000E-04,  9.914500E-05,  9.196500E-05,  8.582000E-05
 3.050000E+00,  1.220500E-04,  1.097100E-04,  1.008900E-04,  9.373900E-05,  8.761700E-05
 3.100000E+00,  1.236900E-04,  1.114000E-04,  1.026100E-04,  9.548200E-05,  8.938500E-05
 3.150000E+00,  1.253100E-04,  1.130600E-04,  1.043000E-04,  9.719600E-05,  9.112600E-05
 3.200000E+00,  1.269100E-04,  1.146900E-04,  1.059600E-04,  9.888300E-05,  9.283600E-05
 3.250000E+00,  1.284700E-04,  1.162900E-04,  1.075900E-04,  1.005400E-04,  9.451600E-05
 3.300000E+00,  1.300200E-04,  1.178700E-04,  1.092000E-04,  1.021700E-04,  9.617000E-05
[Vgs, Ids(Vbs= 0.000000E+00), Ids(Vbs= -8.250000E-01), Ids(Vbs= -1.650000E+00), Ids(Vbs= -2.475000E+00), Ids(Vbs= -3.300000E+00), Vds= 3.630000E+00]
 0.000000E+00,  1.273400E-09,  1.133600E-09,  1.130200E-09,  1.136500E-09,  1.155800E-09
 5.000000E-02,  1.233400E-09,  1.112600E-09,  1.109700E-09,  1.116200E-09,  1.137000E-09
 1.000000E-01,  1.215000E-09,  1.097100E-09,  1.095500E-09,  1.103500E-09,  1.123400E-09
 1.500000E-01,  1.227400E-09,  1.083300E-09,  1.083200E-09,  1.092300E-09,  1.113800E-09
 2.000000E-01,  1.301300E-09,  1.071800E-09,  1.072100E-09,  1.082500E-09,  1.103900E-09
 2.500000E-01,  1.504000E-09,  1.061000E-09,  1.061000E-09,  1.072000E-09,  1.093800E-09
 3.000000E-01,  1.958900E-09,  1.052800E-09,  1.050200E-09,  1.061000E-09,  1.082500E-09
 3.500000E-01,  3.109400E-09,  1.051900E-09,  1.039800E-09,  1.050800E-09,  1.073800E-09
 4.000000E-01,  6.235600E-09,  1.072200E-09,  1.031200E-09,  1.042000E-09,  1.065700E-09
 4.500000E-01,  1.499700E-08,  1.151500E-09,  1.025300E-09,  1.033700E-09,  1.057500E-09
 5.000000E-01,  3.914700E-08,  1.320600E-09,  1.029200E-09,  1.026100E-09,  1.048700E-09
 5.500000E-01,  1.052500E-07,  1.847700E-09,  1.058900E-09,  1.020300E-09,  1.040400E-09
 6.000000E-01,  2.801400E-07,  3.397400E-09,  1.143000E-09,  1.024400E-09,  1.034300E-09
 6.500000E-01,  7.070900E-07,  8.484600E-09,  1.284700E-09,  1.053400E-09,  1.032200E-09
 7.000000E-01,  1.656300E-06,  2.558500E-08,  1.821800E-09,  1.109000E-09,  1.042600E-09
 7.500000E-01,  3.431900E-06,  7.833500E-08,  3.424100E-09,  1.188800E-09,  1.082700E-09
 8.000000E-01,  6.384000E-06,  2.366000E-07,  8.972300E-09,  1.520000E-09,  1.098600E-09
 8.500000E-01,  1.076900E-05,  6.647400E-07,  2.781900E-08,  2.455000E-09,  1.179600E-09
 9.000000E-01,  1.677100E-05,  1.664000E-06,  8.838900E-08,  5.780500E-09,  1.467800E-09
 9.500000E-01,  2.447600E-05,  3.623200E-06,  2.733800E-07,  1.736500E-08,  2.243500E-09
 1.000000E+00,  3.394800E-05,  6.909900E-06,  7.772100E-07,  5.595400E-08,  5.087000E-09
 1.050000E+00,  4.535500E-05,  1.185800E-05,  1.960200E-06,  1.822100E-07,  1.539400E-08
 1.100000E+00,  5.834200E-05,  1.846800E-05,  4.197700E-06,  5.438400E-07,  4.992900E-08
 1.150000E+00,  7.301800E-05,  2.684800E-05,  7.836900E-06,  1.435500E-06,  1.618000E-07
 1.200000E+00,  8.936700E-05,  3.702400E-05,  1.310300E-05,  3.258100E-06,  4.916000E-07
 1.250000E+00,  1.073100E-04,  4.895000E-05,  2.008800E-05,  6.378700E-06,  1.322200E-06
 1.300000E+00,  1.268200E-04,  6.259700E-05,  2.883500E-05,  1.105000E-05,  3.049600E-06
 1.350000E+00,  1.477900E-04,  7.789900E-05,  3.931600E-05,  1.739500E-05,  6.044500E-06
 1.400000E+00,  1.702400E-04,  9.483500E-05,  5.152500E-05,  2.547200E-05,  1.056600E-05
 1.450000E+00,  1.944200E-04,  1.135900E-04,  6.560400E-05,  3.541400E-05,  1.683700E-05
 1.500000E+00,  2.196000E-04,  1.335800E-04,  8.109000E-05,  4.690600E-05,  2.472000E-05
 1.550000E+00,  2.460200E-04,  1.549800E-04,  9.811600E-05,  6.002400E-05,  3.428100E-05
 1.600000E+00,  2.736200E-04,  1.777200E-04,  1.166000E-04,  7.468800E-05,  4.545600E-05
 1.650000E+00,  3.024700E-04,  2.018400E-04,  1.365700E-04,  9.092400E-05,  5.827300E-05
 1.700000E+00,  3.325000E-04,  2.272700E-04,  1.579400E-04,  1.086600E-04,  7.265700E-05
 1.750000E+00,  3.636000E-04,  2.539200E-04,  1.806400E-04,  1.278000E-04,  8.853400E-05
 1.800000E+00,  3.958000E-04,  2.817800E-04,  2.046500E-04,  1.483400E-04,  1.058800E-04
 1.850000E+00,  4.295100E-04,  3.112400E-04,  2.302900E-04,  1.705400E-04,  1.249200E-04
 1.900000E+00,  4.637200E-04,  3.413500E-04,  2.567500E-04,  1.937000E-04,  1.450300E-04
 1.950000E+00,  4.988700E-04,  3.725300E-04,  2.843600E-04,  2.180800E-04,  1.664400E-04
 2.000000E+00,  5.349600E-04,  4.047500E-04,  3.131200E-04,  2.436700E-04,  1.891200E-04
 2.050000E+00,  5.719300E-04,  4.379700E-04,  3.429500E-04,  2.704300E-04,  2.130300E-04
 2.100000E+00,  6.097700E-04,  4.721600E-04,  3.738300E-04,  2.982800E-04,  2.381100E-04
 2.150000E+00,  6.484500E-04,  5.072900E-04,  4.057300E-04,  3.272400E-04,  2.643500E-04
 2.200000E+00,  6.885400E-04,  5.438800E-04,  4.391200E-04,  3.577000E-04,  2.921100E-04
 2.250000E+00,  7.288000E-04,  5.807800E-04,  4.729300E-04,  3.887100E-04,  3.205100E-04
 2.300000E+00,  7.698100E-04,  6.185100E-04,  5.076600E-04,  4.206900E-04,  3.499400E-04
 2.350000E+00,  8.115800E-04,  6.571000E-04,  5.433300E-04,  4.536700E-04,  3.804100E-04
 2.400000E+00,  8.540700E-04,  6.964700E-04,  5.798400E-04,  4.875400E-04,  4.118400E-04
 2.450000E+00,  8.972300E-04,  7.366100E-04,  6.171600E-04,  5.223100E-04,  4.442100E-04
 2.500000E+00,  9.410300E-04,  7.774600E-04,  6.553100E-04,  5.579200E-04,  4.774800E-04
 2.550000E+00,  9.855099E-04,  8.190700E-04,  6.942400E-04,  5.943900E-04,  5.116600E-04
 2.600000E+00,  1.031300E-03,  8.620000E-04,  7.345500E-04,  6.322300E-04,  5.472100E-04
 2.650000E+00,  1.077000E-03,  9.049900E-04,  7.749900E-04,  6.703000E-04,  5.830700E-04
 2.700000E+00,  1.123200E-03,  9.485800E-04,  8.160800E-04,  7.091200E-04,  6.196900E-04
 2.750000E+00,  1.170100E-03,  9.928501E-04,  8.579300E-04,  7.486900E-04,  6.571700E-04
 2.800000E+00,  1.217500E-03,  1.037700E-03,  9.004200E-04,  7.889700E-04,  6.953900E-04
 2.850000E+00,  1.265400E-03,  1.083200E-03,  9.435600E-04,  8.299500E-04,  7.343300E-04
 2.900000E+00,  1.313800E-03,  1.129200E-03,  9.873200E-04,  8.715800E-04,  7.739800E-04
 2.950000E+00,  1.363500E-03,  1.176600E-03,  1.032400E-03,  9.145700E-04,  8.149900E-04
 3.000000E+00,  1.412900E-03,  1.223700E-03,  1.077400E-03,  9.575200E-04,  8.560300E-04
 3.050000E+00,  1.462800E-03,  1.271400E-03,  1.123000E-03,  1.001100E-03,  8.977400E-04
 3.100000E+00,  1.513100E-03,  1.319500E-03,  1.169100E-03,  1.045200E-03,  9.400200E-04
 3.150000E+00,  1.563900E-03,  1.368200E-03,  1.215800E-03,  1.090000E-03,  9.830000E-04
 3.200000E+00,  1.615200E-03,  1.417400E-03,  1.263000E-03,  1.135300E-03,  1.026500E-03
 3.250000E+00,  1.666700E-03,  1.467000E-03,  1.310600E-03,  1.181200E-03,  1.070600E-03
 3.300000E+00,  1.718700E-03,  1.517000E-03,  1.358700E-03,  1.227600E-03,  1.115300E-03
{id_vd}
[Vds, Ids(Vgs= 9.200000E-01), Ids(Vgs= 1.514000E+00), Ids(Vgs= 2.108000E+00), Ids(Vgs= 2.702000E+00), Ids(Vgs= 3.296000E+00), Vbs= 0.000000E+00]
 0.000000E+00,  -5.144100E-08,  -1.642100E-07,  -2.636400E-07,  -3.191300E-07,  -3.702600E-07
 5.000000E-02,  6.685200E-06,  2.723600E-05,  4.295800E-05,  5.519800E-05,  6.510400E-05
 1.000000E-01,  1.129300E-05,  5.255700E-05,  8.452400E-05,  1.093400E-04,  1.294400E-04
 1.500000E-01,  1.416200E-05,  7.609300E-05,  1.249400E-04,  1.627900E-04,  1.934000E-04
 2.000000E-01,  1.570200E-05,  9.715200E-05,  1.630300E-04,  2.139600E-04,  2.551200E-04
 2.500000E-01,  1.647300E-05,  1.161000E-04,  1.993800E-04,  2.636800E-04,  3.155700E-04
 3.000000E-01,  1.685900E-05,  1.329400E-04,  2.340200E-04,  3.119700E-04,  3.747900E-04
 3.500000E-01,  1.707500E-05,  1.476900E-04,  2.668800E-04,  3.587400E-04,  4.326900E-04
 4.000000E-01,  1.721700E-05,  1.604000E-04,  2.980200E-04,  4.040800E-04,  4.893500E-04
 4.500000E-01,  1.732500E-05,  1.711000E-04,  3.273800E-04,  4.479100E-04,  5.447000E-04
 5.000000E-01,  1.741400E-05,  1.799200E-04,  3.549700E-04,  4.902700E-04,  5.987800E-04
 5.500000E-01,  1.749400E-05,  1.869800E-04,  3.807600E-04,  5.310800E-04,  6.515200E-04
 6.000000E-01,  1.756700E-05,  1.924800E-04,  4.047500E-04,  5.703900E-04,  7.029600E-04
 6.500000E-01,  1.763400E-05,  1.966700E-04,  4.269400E-04,  6.081500E-04,  7.530800E-04
 7.000000E-01,  1.769700E-05,  1.998400E-04,  4.476600E-04,  6.449800E-04,  8.026600E-04
 7.500000E-01,  1.775600E-05,  2.021700E-04,  4.662400E-04,  6.796400E-04,  8.500900E-04
 8.000000E-01,  1.781200E-05,  2.039400E-04,  4.830300E-04,  7.127400E-04,  8.961700E-04
 8.500000E-01,  1.786500E-05,  2.053300E-04,  4.981000E-04,  7.443100E-04,  9.409200E-04
 9.000000E-01,  1.791700E-05,  2.064600E-04,  5.114700E-04,  7.743300E-04,  9.843600E-04
 9.500000E-01,  1.796600E-05,  2.074100E-04,  5.231700E-04,  8.027200E-04,  1.026300E-03
 1.000000E+00,  1.801400E-05,  2.082400E-04,  5.333100E-04,  8.295600E-04,  1.067000E-03
 1.050000E+00,  1.806000E-05,  2.089700E-04,  5.419700E-04,  8.547900E-04,  1.106300E-03
 1.100000E+00,  1.810500E-05,  2.096500E-04,  5.492900E-04,  8.784400E-04,  1.144200E-03
 1.150000E+00,  1.814800E-05,  2.102700E-04,  5.554200E-04,  9.004800E-04,  1.180700E-03
 1.200000E+00,  1.819200E-05,  2.108700E-04,  5.605300E-04,  9.209500E-04,  1.215700E-03
 1.250000E+00,  1.823300E-05,  2.114100E-04,  5.647700E-04,  9.398600E-04,  1.249300E-03
 1.300000E+00,  1.827500E-05,  2.119400E-04,  5.683600E-04,  9.574500E-04,  1.282000E-03
 1.350000E+00,  1.831400E-05,  2.124300E-04,  5.713400E-04,  9.732300E-04,  1.312800E-03
 1.400000E+00,  1.835400E-05,  2.129100E-04,  5.739000E-04,  9.875600E-04,  1.342100E-03
 1.450000E+00,  1.839000E-05,  2.133800E-04,  5.761200E-04,  1.000400E-03,  1.369900E-03
 1.500000E+00,  1.842600E-05,  2.138300E-04,  5.780900E-04,  1.011900E-03,  1.396400E-03
 1.550000E+00,  1.846200E-05,  2.142600E-04,  5.798600E-04,  1.022100E-03,  1.421200E-03
 1.600000E+00,  1.849600E-05,  2.146800E-04,  5.814700E-04,  1.031100E-03,  1.444700E-03
 1.650000E+00,  1.853300E-05,  2.150800E-04,  5.829800E-04,  1.039000E-03,  1.466900E-03
 1.700000E+00,  1.856800E-05,  2.154800E-04,  5.843700E-04,  1.045900E-03,  1.487600E-03
 1.750000E+00,  1.860100E-05,  2.158600E-04,  5.856800E-04,  1.051900E-03,  1.506900E-03
 1.800000E+00,  1.863400E-05,  2.162400E-04,  5.869300E-04,  1.057100E-03,  1.524800E-03
 1.850000E+00,  1.866700E-05,  2.166100E-04,  5.881500E-04,  1.061800E-03,  1.541600E-03
 1.900000E+00,  1.869900E-05,  2.169800E-04,  5.892900E-04,  1.065800E-03,  1.556800E-03
 1.950000E+00,  1.873100E-05,  2.173300E-04,  5.903800E-04,  1.069400E-03,  1.570700E-03
 2.000000E+00,  1.876100E-05,  2.176800E-04,  5.914500E-04,  1.072600E-03,  1.583400E-03
 2.050000E+00,  1.879200E-05,  2.180300E-04,  5.924800E-04,  1.075600E-03,  1.594900E-03
 2.100000E+00,  1.882300E-05,  2.183600E-04,  5.934600E-04,  1.078300E-03,  1.605300E-03
 2.150000E+00,  1.885300E-05,  2.186800E-04,  5.944200E-04,  1.080700E-03,  1.614700E-03
 2.200000E+00,  1.888200E-05,  2.190100E-04,  5.953600E-04,  1.083100E-03,  1.623100E-03
 2.250000E+00,  1.891100E-05,  2.193200E-04,  5.962700E-04,  1.085300E-03,  1.630700E-03
 2.300000E+00,  1.894100E-05,  2.196500E-04,  5.971600E-04,  1.087300E-03,  1.637400E-03
 2.350000E+00,  1.897000E-05,  2.199500E-04,  5.980400E-04,  1.089300E-03,  1.643500E-03
 2.400000E+00,  1.899700E-05,  2.202600E-04,  5.989100E-04,  1.091200E-03,  1.649000E-03
 2.450000E+00,  1.902600E-05,  2.205600E-04,  5.997400E-04,  1.093000E-03,  1.654000E-03
 2.500000E+00,  1.905300E-05,  2.208600E-04,  6.005700E-04,  1.094700E-03,  1.658500E-03
 2.550000E+00,  1.908100E-05,  2.211500E-04,  6.013700E-04,  1.096400E-03,  1.662600E-03
 2.600000E+00,  1.910800E-05,  2.214400E-04,  6.021500E-04,  1.098000E-03,  1.666300E-03
 2.650000E+00,  1.913400E-05,  2.217200E-04,  6.029400E-04,  1.099600E-03,  1.669800E-03
 2.700000E+00,  1.916000E-05,  2.220000E-04,  6.037000E-04,  1.101100E-03,  1.673100E-03
 2.750000E+00,  1.918600E-05,  2.222700E-04,  6.044500E-04,  1.102600E-03,  1.676200E-03
 2.800000E+00,  1.921300E-05,  2.225500E-04,  6.052000E-04,  1.104100E-03,  1.679100E-03
 2.850000E+00,  1.923800E-05,  2.228200E-04,  6.059300E-04,  1.105500E-03,  1.681800E-03
 2.900000E+00,  1.926500E-05,  2.230900E-04,  6.066400E-04,  1.106900E-03,  1.684400E-03
 2.950000E+00,  1.929100E-05,  2.233600E-04,  6.073700E-04,  1.108200E-03,  1.687000E-03
 3.000000E+00,  1.931700E-05,  2.236200E-04,  6.080600E-04,  1.109600E-03,  1.689300E-03
 3.050000E+00,  1.934200E-05,  2.238800E-04,  6.087400E-04,  1.110900E-03,  1.691700E-03
 3.100000E+00,  1.936700E-05,  2.241400E-04,  6.094100E-04,  1.112100E-03,  1.694000E-03
 3.150000E+00,  1.939200E-05,  2.244000E-04,  6.100900E-04,  1.113400E-03,  1.696100E-03
 3.200000E+00,  1.941600E-05,  2.246500E-04,  6.107500E-04,  1.114600E-03,  1.698200E-03
 3.250000E+00,  1.944100E-05,  2.248900E-04,  6.113900E-04,  1.115900E-03,  1.700300E-03
 3.300000E+00,  1.946400E-05,  2.251400E-04,  6.120400E-04,  1.117000E-03,  1.702300E-03
 3.350000E+00,  1.948800E-05,  2.253800E-04,  6.126800E-04,  1.118200E-03,  1.704200E-03
 3.400000E+00,  1.951300E-05,  2.256300E-04,  6.133000E-04,  1.119400E-03,  1.706100E-03
 3.450000E+00,  1.953600E-05,  2.258700E-04,  6.139400E-04,  1.120500E-03,  1.708000E-03
 3.500000E+00,  1.956100E-05,  2.261100E-04,  6.145700E-04,  1.121600E-03,  1.709800E-03
 3.550000E+00,  1.958400E-05,  2.263500E-04,  6.151700E-04,  1.122800E-03,  1.711600E-03
 3.600000E+00,  1.960700E-05,  2.265800E-04,  6.157800E-04,  1.123800E-03,  1.713300E-03
[Vds, Ids(Vgs= 9.200000E-01), Ids(Vgs= 1.514000E+00), Ids(Vgs= 2.108000E+00), Ids(Vgs= 2.702000E+00), Ids(Vgs= 3.296000E+00), Vbs= -3.300000E+00]
 0.000000E+00,  9.750000E-12,  -5.516900E-08,  -1.621500E-07,  -2.394900E-07,  -2.827200E-07
 5.000000E-02,  3.651000E-10,  7.480100E-06,  2.434700E-05,  3.753000E-05,  4.819600E-05
 1.000000E-01,  4.552300E-10,  1.330500E-05,  4.740900E-05,  7.413400E-05,  9.571100E-05
 1.500000E-01,  4.913800E-10,  1.758700E-05,  6.928800E-05,  1.100300E-04,  1.428600E-04
 2.000000E-01,  5.133400E-10,  2.041200E-05,  8.934000E-05,  1.441400E-04,  1.882600E-04
 2.500000E-01,  5.320500E-10,  2.214900E-05,  1.078800E-04,  1.770100E-04,  2.326300E-04
 3.000000E-01,  5.498000E-10,  2.313600E-05,  1.249200E-04,  2.086400E-04,  2.759500E-04
 3.500000E-01,  5.672600E-10,  2.367600E-05,  1.404200E-04,  2.389800E-04,  3.181500E-04
 4.000000E-01,  5.848800E-10,  2.397900E-05,  1.544200E-04,  2.680400E-04,  3.593000E-04
 4.500000E-01,  6.022000E-10,  2.416800E-05,  1.668900E-04,  2.957900E-04,  3.993300E-04
 5.000000E-01,  6.194200E-10,  2.430200E-05,  1.778800E-04,  3.222500E-04,  4.382600E-04
 5.500000E-01,  6.364500E-10,  2.440800E-05,  1.874000E-04,  3.473700E-04,  4.760400E-04
 6.000000E-01,  6.531500E-10,  2.449800E-05,  1.955100E-04,  3.711300E-04,  5.126800E-04
 6.500000E-01,  6.699800E-10,  2.457800E-05,  2.023000E-04,  3.935400E-04,  5.481400E-04
 7.000000E-01,  6.872400E-10,  2.465400E-05,  2.079200E-04,  4.149400E-04,  5.829900E-04
 7.500000E-01,  7.042300E-10,  2.472100E-05,  2.123400E-04,  4.346200E-04,  6.160800E-04
 8.000000E-01,  7.209200E-10,  2.478700E-05,  2.158100E-04,  4.529500E-04,  6.479800E-04
 8.500000E-01,  7.377200E-10,  2.485000E-05,  2.184800E-04,  4.699300E-04,  6.787000E-04
 9.000000E-01,  7.547000E-10,  2.491000E-05,  2.205400E-04,  4.855700E-04,  7.082500E-04
 9.500000E-01,  7.710600E-10,  2.496900E-05,  2.221300E-04,  4.998400E-04,  7.365200E-04
 1.000000E+00,  7.880600E-10,  2.502500E-05,  2.233800E-04,  5.128300E-04,  7.635900E-04
 1.050000E+00,  8.046400E-10,  2.507900E-05,  2.243900E-04,  5.244800E-04,  7.894300E-04
 1.100000E+00,  8.211700E-10,  2.513400E-05,  2.252300E-04,  5.348700E-04,  8.139900E-04
 1.150000E+00,  8.376200E-10,  2.518600E-05,  2.259600E-04,  5.440900E-04,  8.373200E-04
 1.200000E+00,  8.540400E-10,  2.523700E-05,  2.266100E-04,  5.521300E-04,  8.594200E-04
 1.250000E+00,  8.701600E-10,  2.528900E-05,  2.272000E-04,  5.591000E-04,  8.802600E-04
 1.300000E+00,  8.868600E-10,  2.534000E-05,  2.277400E-04,  5.651500E-04,  9.001700E-04
 1.350000E+00,  9.032700E-10,  2.538700E-05,  2.282300E-04,  5.702200E-04,  9.184900E-04
 1.400000E+00,  9.190500E-10,  2.543500E-05,  2.287000E-04,  5.745100E-04,  9.355900E-04
 1.450000E+00,  9.351599E-10,  2.548200E-05,  2.291500E-04,  5.781100E-04,  9.514700E-04
 1.500000E+00,  9.515400E-10,  2.553100E-05,  2.295800E-04,  5.811700E-04,  9.661000E-04
 1.550000E+00,  9.675299E-10,  2.557800E-05,  2.299900E-04,  5.837600E-04,  9.795200E-04
 1.600000E+00,  9.838800E-10,  2.562400E-05,  2.303900E-04,  5.859900E-04,  9.918300E-04
 1.650000E+00,  1.001700E-09,  2.566700E-05,  2.307800E-04,  5.879300E-04,  1.003000E-03
 1.700000E+00,  1.025100E-09,  2.571200E-05,  2.311600E-04,  5.896500E-04,  1.013100E-03
 1.750000E+00,  1.044700E-09,  2.575600E-05,  2.315300E-04,  5.911800E-04,  1.022200E-03
 1.800000E+00,  1.063000E-09,  2.580000E-05,  2.319000E-04,  5.925800E-04,  1.030300E-03
 1.850000E+00,  1.081500E-09,  2.584500E-05,  2.322500E-04,  5.938700E-04,  1.037600E-03
 1.900000E+00,  1.099500E-09,  2.588700E-05,  2.326000E-04,  5.950400E-04,  1.044000E-03
 1.950000E+00,  1.117000E-09,  2.592800E-05,  2.329400E-04,  5.961500E-04,  1.049600E-03
 2.000000E+00,  1.133700E-09,  2.597200E-05,  2.332800E-04,  5.972200E-04,  1.054600E-03
 2.050000E+00,  1.151500E-09,  2.601300E-05,  2.336100E-04,  5.982100E-04,  1.058900E-03
 2.100000E+00,  1.169100E-09,  2.605400E-05,  2.339400E-04,  5.991600E-04,  1.062800E-03
 2.150000E+00,  1.186200E-09,  2.609500E-05,  2.342600E-04,  6.000900E-04,  1.066200E-03
 2.200000E+00,  1.203300E-09,  2.613600E-05,  2.345800E-04,  6.009900E-04,  1.069200E-03
 2.250000E+00,  1.220600E-09,  2.617600E-05,  2.349000E-04,  6.018500E-04,  1.072000E-03
 2.300000E+00,  1.236700E-09,  2.621600E-05,  2.352100E-04,  6.027000E-04,  1.074500E-03
 2.350000E+00,  1.253600E-09,  2.625700E-05,  2.355100E-04,  6.035100E-04,  1.076800E-03
 2.400000E+00,  1.270900E-09,  2.629600E-05,  2.358200E-04,  6.043400E-04,  1.079000E-03
 2.450000E+00,  1.287800E-09,  2.633600E-05,  2.361200E-04,  6.051400E-04,  1.080900E-03
 2.500000E+00,  1.304800E-09,  2.637300E-05,  2.364200E-04,  6.059100E-04,  1.082800E-03
 2.550000E+00,  1.321200E-09,  2.641200E-05,  2.367100E-04,  6.066600E-04,  1.084500E-03
 2.600000E+00,  1.338400E-09,  2.645200E-05,  2.370000E-04,  6.074100E-04,  1.086200E-03
 2.650000E+00,  1.355300E-09,  2.648900E-05,  2.372900E-04,  6.081500E-04,  1.087800E-03
 2.700000E+00,  1.372100E-09,  2.652800E-05,  2.375700E-04,  6.088800E-04,  1.089300E-03
 2.750000E+00,  1.389200E-09,  2.656500E-05,  2.378500E-04,  6.095900E-04,  1.090800E-03
 2.800000E+00,  1.405900E-09,  2.660100E-05,  2.381300E-04,  6.102800E-04,  1.092100E-03
 2.850000E+00,  1.422900E-09,  2.663700E-05,  2.384100E-04,  6.109800E-04,  1.093500E-03
 2.900000E+00,  1.439600E-09,  2.667500E-05,  2.386800E-04,  6.116600E-04,  1.094900E-03
 2.950000E+00,  1.457000E-09,  2.671200E-05,  2.389600E-04,  6.123400E-04,  1.096200E-03
 3.000000E+00,  1.473700E-09,  2.674800E-05,  2.392200E-04,  6.130100E-04,  1.097400E-03
 3.050000E+00,  1.490700E-09,  2.678400E-05,  2.394900E-04,  6.136700E-04,  1.098700E-03
 3.100000E+00,  1.504400E-09,  2.682000E-05,  2.397500E-04,  6.143400E-04,  1.099900E-03
 3.150000E+00,  1.524000E-09,  2.685500E-05,  2.400100E-04,  6.149700E-04,  1.101100E-03
 3.200000E+00,  1.540900E-09,  2.689200E-05,  2.402800E-04,  6.156100E-04,  1.102300E-03
 3.250000E+00,  1.557700E-09,  2.692700E-05,  2.405400E-04,  6.162300E-04,  1.103400E-03
 3.300000E+00,  1.574700E-09,  2.696300E-05,  2.407900E-04,  6.168400E-04,  1.104600E-03
 3.350000E+00,  1.591300E-09,  2.699900E-05,  2.410500E-04,  6.174700E-04,  1.105700E-03
 3.400000E+00,  1.608300E-09,  2.703300E-05,  2.413000E-04,  6.180700E-04,  1.106800E-03
 3.450000E+00,  1.625400E-09,  2.706700E-05,  2.415500E-04,  6.186900E-04,  1.107900E-03
 3.500000E+00,  1.642500E-09,  2.710400E-05,  2.418100E-04,  6.192900E-04,  1.109000E-03
 3.550000E+00,  1.659700E-09,  2.714000E-05,  2.420600E-04,  6.198800E-04,  1.110000E-03
 3.600000E+00,  1.677200E-09,  2.717700E-05,  2.423100E-04,  6.204700E-04,  1.111100E-03
