ObjInfo{}
ModelType{DC}
DataType{NMOS}
Delimitor{,}
Workingmode{FORWARD}
Instance{L= 3.000000E-01, W= 2.000000E+01, T= 1.250000E+02}
Input{Vgs, Vbs, Vds}
Output{Ids}
{Id_Vg}
[Vgs, Ids(Vbs= 0.000000E+00), Ids(Vbs= -8.250000E-01), Ids(Vbs= -1.650000E+00), Ids(Vbs= -2.475000E+00), Ids(Vbs= -3.300000E+00), Vds= 1.000000E-01]
 0.000000E+00,  8.514600E-10,  1.654600E-10,  2.979300E-10,  4.318600E-10,  5.642700E-10
 5.000000E-02,  1.844800E-09,  1.702100E-10,  2.987100E-10,  4.376700E-10,  5.756800E-10
 1.000000E-01,  4.027400E-09,  1.959500E-10,  3.037200E-10,  4.456000E-10,  5.878500E-10
 1.500000E-01,  8.959700E-09,  2.691200E-10,  3.115600E-10,  4.522500E-10,  5.961400E-10
 2.000000E-01,  2.031800E-08,  4.708000E-10,  3.275500E-10,  4.562000E-10,  5.937500E-10
 2.500000E-01,  4.618000E-08,  1.025100E-09,  3.695800E-10,  4.564300E-10,  5.865800E-10
 3.000000E-01,  1.067900E-07,  2.591100E-09,  4.942400E-10,  4.672800E-10,  5.825000E-10
 3.500000E-01,  2.429100E-07,  6.795500E-09,  8.666200E-10,  5.159400E-10,  5.860300E-10
 4.000000E-01,  5.450700E-07,  1.848400E-08,  1.977000E-09,  6.799600E-10,  6.126200E-10
 4.500000E-01,  1.188500E-06,  4.996300E-08,  5.197900E-09,  1.150000E-09,  7.145200E-10
 5.000000E-01,  2.474600E-06,  1.336100E-07,  1.471100E-08,  2.781900E-09,  1.050600E-09
 5.500000E-01,  4.832800E-06,  3.483300E-07,  4.176600E-08,  7.492800E-09,  2.108900E-09
 6.000000E-01,  8.744600E-06,  8.723200E-07,  1.175700E-07,  2.174300E-08,  5.328700E-09
 6.500000E-01,  1.454400E-05,  2.048500E-06,  3.215100E-07,  6.297000E-08,  1.526800E-08
 7.000000E-01,  2.242700E-05,  4.460700E-06,  8.516200E-07,  1.822000E-07,  4.542600E-08
 7.500000E-01,  3.186300E-05,  8.636200E-06,  2.066600E-06,  4.990200E-07,  1.318000E-07
 8.000000E-01,  4.250100E-05,  1.498900E-05,  4.557300E-06,  1.288000E-06,  3.708500E-07
 8.500000E-01,  5.378200E-05,  2.341800E-05,  8.940100E-06,  3.038600E-06,  9.856100E-07
 9.000000E-01,  6.527300E-05,  3.345100E-05,  1.555500E-05,  6.404300E-06,  2.410100E-06
 9.500000E-01,  7.664900E-05,  4.444200E-05,  2.422000E-05,  1.190200E-05,  5.275100E-06
 1.000000E+00,  8.773300E-05,  5.582400E-05,  3.438700E-05,  1.960900E-05,  1.018200E-05
 1.050000E+00,  9.854500E-05,  6.733300E-05,  4.551700E-05,  2.922500E-05,  1.743100E-05
 1.100000E+00,  1.087300E-04,  7.837500E-05,  5.671800E-05,  3.977600E-05,  2.645400E-05
 1.150000E+00,  1.184200E-04,  8.898000E-05,  6.776600E-05,  5.073700E-05,  3.666300E-05
 1.200000E+00,  1.276300E-04,  9.910800E-05,  7.846800E-05,  6.167500E-05,  4.741300E-05
 1.250000E+00,  1.363700E-04,  1.087200E-04,  8.869500E-05,  7.230500E-05,  5.818400E-05
 1.300000E+00,  1.446600E-04,  1.178400E-04,  9.842400E-05,  8.249700E-05,  6.868600E-05
 1.350000E+00,  1.525400E-04,  1.264700E-04,  1.076500E-04,  9.219100E-05,  7.876200E-05
 1.400000E+00,  1.600200E-04,  1.346700E-04,  1.163900E-04,  1.013900E-04,  8.836200E-05
 1.450000E+00,  1.672400E-04,  1.425500E-04,  1.247700E-04,  1.102200E-04,  9.759500E-05
 1.500000E+00,  1.740000E-04,  1.499100E-04,  1.326000E-04,  1.184700E-04,  1.062000E-04
 1.550000E+00,  1.804400E-04,  1.569000E-04,  1.400300E-04,  1.262700E-04,  1.143600E-04
 1.600000E+00,  1.865800E-04,  1.635500E-04,  1.470800E-04,  1.336700E-04,  1.220600E-04
 1.650000E+00,  1.924600E-04,  1.699000E-04,  1.538000E-04,  1.407100E-04,  1.294100E-04
 1.700000E+00,  1.980800E-04,  1.759800E-04,  1.602100E-04,  1.474200E-04,  1.363900E-04
 1.750000E+00,  2.034600E-04,  1.817800E-04,  1.663300E-04,  1.538100E-04,  1.430300E-04
 1.800000E+00,  2.086200E-04,  1.873300E-04,  1.721800E-04,  1.599100E-04,  1.493700E-04
 1.850000E+00,  2.136600E-04,  1.927400E-04,  1.778700E-04,  1.658400E-04,  1.555200E-04
 1.900000E+00,  2.184200E-04,  1.978500E-04,  1.832300E-04,  1.714400E-04,  1.613000E-04
 1.950000E+00,  2.230000E-04,  2.027500E-04,  1.883800E-04,  1.767800E-04,  1.668400E-04
 2.000000E+00,  2.274200E-04,  2.074700E-04,  1.933300E-04,  1.819200E-04,  1.721600E-04
 2.050000E+00,  2.316900E-04,  2.120100E-04,  1.981000E-04,  1.868700E-04,  1.772600E-04
 2.100000E+00,  2.357900E-04,  2.164000E-04,  2.026800E-04,  1.916300E-04,  1.821800E-04
 2.150000E+00,  2.397700E-04,  2.206300E-04,  2.071100E-04,  1.962200E-04,  1.869100E-04
 2.200000E+00,  2.436700E-04,  2.247800E-04,  2.114400E-04,  2.007100E-04,  1.915400E-04
 2.250000E+00,  2.473800E-04,  2.287200E-04,  2.155600E-04,  2.049800E-04,  1.959300E-04
 2.300000E+00,  2.509700E-04,  2.325500E-04,  2.195500E-04,  2.090900E-04,  2.001700E-04
 2.350000E+00,  2.544700E-04,  2.362500E-04,  2.234200E-04,  2.130900E-04,  2.042700E-04
 2.400000E+00,  2.578500E-04,  2.398400E-04,  2.271500E-04,  2.169600E-04,  2.082400E-04
 2.450000E+00,  2.611400E-04,  2.433200E-04,  2.307700E-04,  2.207000E-04,  2.120900E-04
 2.500000E+00,  2.643300E-04,  2.466900E-04,  2.342800E-04,  2.243200E-04,  2.158100E-04
 2.550000E+00,  2.674400E-04,  2.499700E-04,  2.376900E-04,  2.278400E-04,  2.194300E-04
 2.600000E+00,  2.705000E-04,  2.532100E-04,  2.410500E-04,  2.313100E-04,  2.229900E-04
 2.650000E+00,  2.734400E-04,  2.563000E-04,  2.442600E-04,  2.346200E-04,  2.263900E-04
 2.700000E+00,  2.762900E-04,  2.593100E-04,  2.473800E-04,  2.378400E-04,  2.296900E-04
 2.750000E+00,  2.790700E-04,  2.622400E-04,  2.504300E-04,  2.409700E-04,  2.329000E-04
 2.800000E+00,  2.817800E-04,  2.651000E-04,  2.533900E-04,  2.440200E-04,  2.360200E-04
 2.850000E+00,  2.844200E-04,  2.678800E-04,  2.562700E-04,  2.469900E-04,  2.390600E-04
 2.900000E+00,  2.869900E-04,  2.705900E-04,  2.590700E-04,  2.498900E-04,  2.420200E-04
 2.950000E+00,  2.895500E-04,  2.732700E-04,  2.618600E-04,  2.527400E-04,  2.449700E-04
 3.000000E+00,  2.919900E-04,  2.758500E-04,  2.645300E-04,  2.554900E-04,  2.477700E-04
 3.050000E+00,  2.943900E-04,  2.783700E-04,  2.671300E-04,  2.581700E-04,  2.505200E-04
 3.100000E+00,  2.967200E-04,  2.808300E-04,  2.696700E-04,  2.607800E-04,  2.531900E-04
 3.150000E+00,  2.990100E-04,  2.832200E-04,  2.721600E-04,  2.633300E-04,  2.558000E-04
 3.200000E+00,  3.012400E-04,  2.855600E-04,  2.745900E-04,  2.658100E-04,  2.583500E-04
 3.250000E+00,  3.034300E-04,  2.878500E-04,  2.769600E-04,  2.682500E-04,  2.608400E-04
 3.300000E+00,  3.055700E-04,  2.900900E-04,  2.792700E-04,  2.706300E-04,  2.632800E-04
[Vgs, Ids(Vbs= 0.000000E+00), Ids(Vbs= -8.250000E-01), Ids(Vbs= -1.650000E+00), Ids(Vbs= -2.475000E+00), Ids(Vbs= -3.300000E+00), Vds= 3.630000E+00]
 0.000000E+00,  2.506600E-07,  5.489500E-09,  1.586800E-09,  1.509000E-09,  1.623500E-09
 5.000000E-02,  4.873400E-07,  1.119900E-08,  1.927300E-09,  1.531800E-09,  1.613400E-09
 1.000000E-01,  9.434500E-07,  2.498500E-08,  2.858000E-09,  1.633500E-09,  1.629600E-09
 1.500000E-01,  1.802600E-06,  5.746600E-08,  5.308400E-09,  1.929900E-09,  1.678200E-09
 2.000000E-01,  3.374300E-06,  1.339600E-07,  1.147800E-08,  2.764900E-09,  1.824900E-09
 2.500000E-01,  6.125000E-06,  3.113300E-07,  2.862700E-08,  5.089800E-09,  2.252500E-09
 3.000000E-01,  1.079200E-05,  7.224900E-07,  7.327200E-08,  1.147500E-08,  3.529400E-09
 3.500000E-01,  1.802200E-05,  1.609200E-06,  1.859400E-07,  3.000500E-08,  7.193600E-09
 4.000000E-01,  2.871000E-05,  3.442500E-06,  4.664000E-07,  7.976000E-08,  1.787600E-08
 4.500000E-01,  4.360600E-05,  6.972600E-06,  1.137000E-06,  2.129800E-07,  4.813800E-08
 5.000000E-01,  6.331200E-05,  1.323700E-05,  2.646400E-06,  5.584500E-07,  1.329100E-07
 5.500000E-01,  8.819600E-05,  2.340700E-05,  5.780300E-06,  1.408200E-06,  3.631800E-07
 6.000000E-01,  1.185000E-04,  3.860300E-05,  1.170200E-05,  3.353300E-06,  9.619800E-07
 6.500000E-01,  1.541400E-04,  5.957600E-05,  2.175000E-05,  7.384000E-06,  2.408300E-06
 7.000000E-01,  1.957000E-04,  8.718700E-05,  3.744600E-05,  1.500400E-05,  5.653500E-06
 7.500000E-01,  2.416100E-04,  1.205800E-04,  5.911600E-05,  2.740100E-05,  1.191400E-05
 8.000000E-01,  2.923100E-04,  1.600000E-04,  8.733500E-05,  4.579100E-05,  2.271600E-05
 8.500000E-01,  3.472700E-04,  2.049200E-04,  1.219100E-04,  7.066800E-05,  3.926400E-05
 9.000000E-01,  4.063000E-04,  2.549600E-04,  1.625400E-04,  1.021300E-04,  6.225900E-05
 9.500000E-01,  4.689900E-04,  3.096300E-04,  2.087200E-04,  1.398300E-04,  9.182100E-05
 1.000000E+00,  5.351800E-04,  3.686600E-04,  2.600400E-04,  1.833900E-04,  1.278100E-04
 1.050000E+00,  6.055000E-04,  4.324800E-04,  3.168000E-04,  2.330000E-04,  1.703100E-04
 1.100000E+00,  6.777300E-04,  4.989000E-04,  3.769200E-04,  2.867000E-04,  2.176100E-04
 1.150000E+00,  7.525000E-04,  5.684200E-04,  4.407300E-04,  3.446800E-04,  2.697300E-04
 1.200000E+00,  8.297900E-04,  6.409500E-04,  5.080100E-04,  4.066100E-04,  3.262900E-04
 1.250000E+00,  9.092500E-04,  7.160500E-04,  5.783100E-04,  4.720100E-04,  3.867700E-04
 1.300000E+00,  9.908200E-04,  7.935900E-04,  6.514300E-04,  5.405900E-04,  4.508300E-04
 1.350000E+00,  1.074200E-03,  8.732400E-04,  7.270100E-04,  6.119800E-04,  5.179900E-04
 1.400000E+00,  1.159500E-03,  9.550400E-04,  8.050200E-04,  6.861100E-04,  5.882300E-04
 1.450000E+00,  1.247400E-03,  1.039800E-03,  8.862300E-04,  7.636600E-04,  6.620900E-04
 1.500000E+00,  1.335600E-03,  1.125000E-03,  9.681700E-04,  8.422300E-04,  7.372700E-04
 1.550000E+00,  1.425100E-03,  1.211800E-03,  1.051800E-03,  9.227100E-04,  8.145700E-04
 1.600000E+00,  1.515500E-03,  1.299700E-03,  1.136900E-03,  1.004800E-03,  8.936300E-04
 1.650000E+00,  1.607400E-03,  1.389200E-03,  1.223600E-03,  1.088700E-03,  9.747500E-04
 1.700000E+00,  1.700400E-03,  1.479900E-03,  1.311700E-03,  1.174200E-03,  1.057600E-03
 1.750000E+00,  1.794300E-03,  1.571700E-03,  1.401000E-03,  1.260900E-03,  1.141900E-03
 1.800000E+00,  1.889100E-03,  1.664500E-03,  1.491600E-03,  1.349100E-03,  1.227600E-03
 1.850000E+00,  1.986100E-03,  1.759600E-03,  1.584500E-03,  1.439700E-03,  1.316000E-03
 1.900000E+00,  2.082500E-03,  1.854200E-03,  1.677000E-03,  1.530100E-03,  1.404100E-03
 1.950000E+00,  2.179400E-03,  1.949600E-03,  1.770400E-03,  1.621400E-03,  1.493500E-03
 2.000000E+00,  2.277200E-03,  2.045700E-03,  1.864600E-03,  1.713700E-03,  1.583800E-03
 2.050000E+00,  2.375400E-03,  2.142400E-03,  1.959600E-03,  1.806800E-03,  1.675000E-03
 2.100000E+00,  2.474200E-03,  2.239800E-03,  2.055200E-03,  1.900700E-03,  1.767100E-03
 2.150000E+00,  2.573500E-03,  2.337800E-03,  2.151700E-03,  1.995300E-03,  1.860000E-03
 2.200000E+00,  2.674800E-03,  2.437700E-03,  2.250200E-03,  2.092100E-03,  1.955200E-03
 2.250000E+00,  2.774900E-03,  2.536700E-03,  2.347600E-03,  2.188100E-03,  2.049500E-03
 2.300000E+00,  2.875400E-03,  2.636000E-03,  2.445600E-03,  2.284600E-03,  2.144500E-03
 2.350000E+00,  2.976400E-03,  2.735900E-03,  2.544000E-03,  2.381700E-03,  2.240200E-03
 2.400000E+00,  3.077600E-03,  2.836200E-03,  2.643000E-03,  2.479300E-03,  2.336300E-03
 2.450000E+00,  3.179100E-03,  2.936700E-03,  2.742300E-03,  2.577300E-03,  2.433000E-03
 2.500000E+00,  3.280800E-03,  3.037500E-03,  2.841900E-03,  2.675600E-03,  2.530200E-03
 2.550000E+00,  3.382700E-03,  3.138600E-03,  2.941800E-03,  2.774400E-03,  2.627700E-03
 2.600000E+00,  3.486500E-03,  3.241600E-03,  3.043700E-03,  2.875100E-03,  2.727100E-03
 2.650000E+00,  3.588900E-03,  3.343100E-03,  3.144300E-03,  2.974500E-03,  2.825500E-03
 2.700000E+00,  3.691300E-03,  3.444800E-03,  3.245000E-03,  3.074200E-03,  2.924100E-03
 2.750000E+00,  3.793900E-03,  3.546800E-03,  3.346100E-03,  3.174100E-03,  3.023100E-03
 2.800000E+00,  3.896700E-03,  3.648900E-03,  3.447200E-03,  3.274400E-03,  3.122300E-03
 2.850000E+00,  3.999600E-03,  3.751100E-03,  3.548600E-03,  3.374800E-03,  3.221700E-03
 2.900000E+00,  4.102300E-03,  3.853400E-03,  3.650100E-03,  3.475300E-03,  3.321400E-03
 2.950000E+00,  4.206900E-03,  3.957500E-03,  3.753300E-03,  3.577800E-03,  3.422800E-03
 3.000000E+00,  4.309900E-03,  4.059900E-03,  3.854800E-03,  3.678700E-03,  3.522800E-03
 3.050000E+00,  4.412700E-03,  4.162300E-03,  3.956700E-03,  3.779800E-03,  3.623000E-03
 3.100000E+00,  4.515600E-03,  4.264700E-03,  4.058400E-03,  3.880700E-03,  3.723200E-03
 3.150000E+00,  4.618600E-03,  4.367300E-03,  4.160500E-03,  3.982000E-03,  3.823600E-03
 3.200000E+00,  4.721500E-03,  4.469700E-03,  4.262300E-03,  4.083200E-03,  3.924000E-03
 3.250000E+00,  4.824100E-03,  4.572200E-03,  4.364100E-03,  4.184400E-03,  4.024300E-03
 3.300000E+00,  4.926600E-03,  4.674500E-03,  4.465800E-03,  4.285400E-03,  4.125000E-03
{id_vd}
[Vds, Ids(Vgs= 7.640000E-01), Ids(Vgs= 1.397000E+00), Ids(Vgs= 2.030000E+00), Ids(Vgs= 2.663000E+00), Ids(Vgs= 3.296000E+00), Vbs= 0.000000E+00]
 0.000000E+00,  -1.018200E-07,  -2.762500E-07,  -3.358600E-07,  -3.546500E-07,  -3.754700E-07
 5.000000E-02,  2.029600E-05,  8.196700E-05,  1.160600E-04,  1.376100E-04,  1.529200E-04
 1.000000E-01,  3.461300E-05,  1.592800E-04,  2.293800E-04,  2.734600E-04,  3.045500E-04
 1.500000E-01,  4.459400E-05,  2.323900E-04,  3.408400E-04,  4.086000E-04,  4.562700E-04
 2.000000E-01,  5.154500E-05,  2.990100E-04,  4.470800E-04,  5.390900E-04,  6.035700E-04
 2.500000E-01,  5.681800E-05,  3.601700E-04,  5.496700E-04,  6.668800E-04,  7.487500E-04
 3.000000E-01,  6.113400E-05,  4.158700E-04,  6.486600E-04,  7.920200E-04,  8.918000E-04
 3.500000E-01,  6.488400E-05,  4.660100E-04,  7.436800E-04,  9.141700E-04,  1.032400E-03
 4.000000E-01,  6.830600E-05,  5.107800E-04,  8.348300E-04,  1.033500E-03,  1.170900E-03
 4.500000E-01,  7.151100E-05,  5.503400E-04,  9.219400E-04,  1.149900E-03,  1.306900E-03
 5.000000E-01,  7.457000E-05,  5.850100E-04,  1.005000E-03,  1.263300E-03,  1.440600E-03
 5.500000E-01,  7.752000E-05,  6.151700E-04,  1.083700E-03,  1.373400E-03,  1.571700E-03
 6.000000E-01,  8.039700E-05,  6.413800E-04,  1.158300E-03,  1.480400E-03,  1.700200E-03
 6.500000E-01,  8.322000E-05,  6.641800E-04,  1.228500E-03,  1.584200E-03,  1.826100E-03
 7.000000E-01,  8.604000E-05,  6.844300E-04,  1.295400E-03,  1.686200E-03,  1.951400E-03
 7.500000E-01,  8.878100E-05,  7.020700E-04,  1.356900E-03,  1.783100E-03,  2.072000E-03
 8.000000E-01,  9.149900E-05,  7.178600E-04,  1.414000E-03,  1.876700E-03,  2.189900E-03
 8.500000E-01,  9.419800E-05,  7.322000E-04,  1.466900E-03,  1.966900E-03,  2.304900E-03
 9.000000E-01,  9.689000E-05,  7.453900E-04,  1.515800E-03,  2.053500E-03,  2.417300E-03
 9.500000E-01,  9.956000E-05,  7.576200E-04,  1.560600E-03,  2.136500E-03,  2.526700E-03
 1.000000E+00,  1.022400E-04,  7.691500E-04,  1.601700E-03,  2.216100E-03,  2.633300E-03
 1.050000E+00,  1.048900E-04,  7.800300E-04,  1.639200E-03,  2.292000E-03,  2.737000E-03
 1.100000E+00,  1.075600E-04,  7.904300E-04,  1.673400E-03,  2.364300E-03,  2.837500E-03
 1.150000E+00,  1.102100E-04,  8.004100E-04,  1.704500E-03,  2.433100E-03,  2.935200E-03
 1.200000E+00,  1.128700E-04,  8.100200E-04,  1.733100E-03,  2.498300E-03,  3.029800E-03
 1.250000E+00,  1.155500E-04,  8.193500E-04,  1.759300E-03,  2.559900E-03,  3.121500E-03
 1.300000E+00,  1.182600E-04,  8.285500E-04,  1.783600E-03,  2.619000E-03,  3.211400E-03
 1.350000E+00,  1.209300E-04,  8.373500E-04,  1.805800E-03,  2.673600E-03,  3.296800E-03
 1.400000E+00,  1.236100E-04,  8.459600E-04,  1.826500E-03,  2.725100E-03,  3.379200E-03
 1.450000E+00,  1.262800E-04,  8.544000E-04,  1.845800E-03,  2.773200E-03,  3.458600E-03
 1.500000E+00,  1.289800E-04,  8.626400E-04,  1.864000E-03,  2.818300E-03,  3.534800E-03
 1.550000E+00,  1.316700E-04,  8.707400E-04,  1.881100E-03,  2.860300E-03,  3.607700E-03
 1.600000E+00,  1.343700E-04,  8.787300E-04,  1.897400E-03,  2.899700E-03,  3.678100E-03
 1.650000E+00,  1.370900E-04,  8.865800E-04,  1.913100E-03,  2.936500E-03,  3.745300E-03
 1.700000E+00,  1.398100E-04,  8.943600E-04,  1.928100E-03,  2.970700E-03,  3.809500E-03
 1.750000E+00,  1.425500E-04,  9.020100E-04,  1.942600E-03,  3.002700E-03,  3.870900E-03
 1.800000E+00,  1.452900E-04,  9.095800E-04,  1.956600E-03,  3.032700E-03,  3.929300E-03
 1.850000E+00,  1.480800E-04,  9.171800E-04,  1.970300E-03,  3.061200E-03,  3.985900E-03
 1.900000E+00,  1.508400E-04,  9.245700E-04,  1.983500E-03,  3.087700E-03,  4.038700E-03
 1.950000E+00,  1.536200E-04,  9.318600E-04,  1.996400E-03,  3.112500E-03,  4.088900E-03
 2.000000E+00,  1.564100E-04,  9.391300E-04,  2.008900E-03,  3.136100E-03,  4.136400E-03
 2.050000E+00,  1.592200E-04,  9.463200E-04,  2.021100E-03,  3.158300E-03,  4.181700E-03
 2.100000E+00,  1.620300E-04,  9.534700E-04,  2.033100E-03,  3.179600E-03,  4.224300E-03
 2.150000E+00,  1.648600E-04,  9.605300E-04,  2.044800E-03,  3.199900E-03,  4.264700E-03
 2.200000E+00,  1.676900E-04,  9.675500E-04,  2.056300E-03,  3.219400E-03,  4.302800E-03
 2.250000E+00,  1.705400E-04,  9.744900E-04,  2.067700E-03,  3.238000E-03,  4.339000E-03
 2.300000E+00,  1.733900E-04,  9.814100E-04,  2.078800E-03,  3.256000E-03,  4.373400E-03
 2.350000E+00,  1.762600E-04,  9.882700E-04,  2.089700E-03,  3.273300E-03,  4.405800E-03
 2.400000E+00,  1.792000E-04,  9.952100E-04,  2.100700E-03,  3.290600E-03,  4.437100E-03
 2.450000E+00,  1.821100E-04,  1.002000E-03,  2.111300E-03,  3.306900E-03,  4.466300E-03
 2.500000E+00,  1.850200E-04,  1.008800E-03,  2.121800E-03,  3.322800E-03,  4.494000E-03
 2.550000E+00,  1.879600E-04,  1.015500E-03,  2.132300E-03,  3.338300E-03,  4.520400E-03
 2.600000E+00,  1.909000E-04,  1.022200E-03,  2.142600E-03,  3.353400E-03,  4.545700E-03
 2.650000E+00,  1.938600E-04,  1.028800E-03,  2.152700E-03,  3.368200E-03,  4.569800E-03
 2.700000E+00,  1.968300E-04,  1.035400E-03,  2.162800E-03,  3.382700E-03,  4.593000E-03
 2.750000E+00,  1.998100E-04,  1.042000E-03,  2.172700E-03,  3.396900E-03,  4.615300E-03
 2.800000E+00,  2.028200E-04,  1.048600E-03,  2.182600E-03,  3.410800E-03,  4.636700E-03
 2.850000E+00,  2.058400E-04,  1.055200E-03,  2.192400E-03,  3.424500E-03,  4.657200E-03
 2.900000E+00,  2.088800E-04,  1.061700E-03,  2.202000E-03,  3.437900E-03,  4.677200E-03
 2.950000E+00,  2.119500E-04,  1.068300E-03,  2.211700E-03,  3.451300E-03,  4.697000E-03
 3.000000E+00,  2.150200E-04,  1.074800E-03,  2.221200E-03,  3.464200E-03,  4.715500E-03
 3.050000E+00,  2.181000E-04,  1.081300E-03,  2.230700E-03,  3.477100E-03,  4.733900E-03
 3.100000E+00,  2.211900E-04,  1.087700E-03,  2.240100E-03,  3.489800E-03,  4.751700E-03
 3.150000E+00,  2.243000E-04,  1.094100E-03,  2.249300E-03,  3.502400E-03,  4.768900E-03
 3.200000E+00,  2.274300E-04,  1.100500E-03,  2.258500E-03,  3.514700E-03,  4.785900E-03
 3.250000E+00,  2.305700E-04,  1.106900E-03,  2.267700E-03,  3.526900E-03,  4.802500E-03
 3.300000E+00,  2.337300E-04,  1.113400E-03,  2.276900E-03,  3.538800E-03,  4.818600E-03
 3.350000E+00,  2.369100E-04,  1.119700E-03,  2.285900E-03,  3.550600E-03,  4.834600E-03
 3.400000E+00,  2.400700E-04,  1.126100E-03,  2.294900E-03,  3.562600E-03,  4.850000E-03
 3.450000E+00,  2.433000E-04,  1.132400E-03,  2.303900E-03,  3.574100E-03,  4.865200E-03
 3.500000E+00,  2.465600E-04,  1.138800E-03,  2.312900E-03,  3.585800E-03,  4.880400E-03
 3.550000E+00,  2.498300E-04,  1.145200E-03,  2.321800E-03,  3.597200E-03,  4.895200E-03
 3.600000E+00,  2.530900E-04,  1.151500E-03,  2.330500E-03,  3.608600E-03,  4.909800E-03
[Vds, Ids(Vgs= 7.640000E-01), Ids(Vgs= 1.397000E+00), Ids(Vgs= 2.030000E+00), Ids(Vgs= 2.663000E+00), Ids(Vgs= 3.296000E+00), Vbs= -3.300000E+00]
 0.000000E+00,  -4.402100E-10,  -2.015200E-07,  -2.864500E-07,  -3.455700E-07,  -3.546200E-07
 5.000000E-02,  1.245500E-07,  4.635600E-05,  8.875000E-05,  1.140900E-04,  1.316800E-04
 1.000000E-01,  1.760900E-07,  8.773900E-05,  1.748000E-04,  2.266100E-04,  2.623500E-04
 1.500000E-01,  2.076000E-07,  1.243400E-04,  2.587700E-04,  3.384200E-04,  3.931200E-04
 2.000000E-01,  2.338000E-07,  1.552100E-04,  3.380800E-04,  4.462000E-04,  5.201200E-04
 2.500000E-01,  2.596300E-07,  1.811800E-04,  4.139200E-04,  5.515200E-04,  6.452300E-04
 3.000000E-01,  2.864400E-07,  2.027500E-04,  4.861900E-04,  6.544000E-04,  7.684900E-04
 3.500000E-01,  3.146900E-07,  2.204800E-04,  5.547000E-04,  7.545400E-04,  8.896200E-04
 4.000000E-01,  3.446800E-07,  2.351200E-04,  6.194800E-04,  8.521300E-04,  1.008800E-03
 4.500000E-01,  3.765100E-07,  2.473500E-04,  6.803100E-04,  9.468400E-04,  1.125800E-03
 5.000000E-01,  4.104400E-07,  2.577700E-04,  7.372500E-04,  1.038800E-03,  1.240700E-03
 5.500000E-01,  4.464100E-07,  2.668500E-04,  7.901700E-04,  1.127700E-03,  1.353200E-03
 6.000000E-01,  4.846800E-07,  2.749400E-04,  8.391200E-04,  1.213700E-03,  1.463500E-03
 6.500000E-01,  5.254100E-07,  2.823500E-04,  8.841400E-04,  1.296500E-03,  1.571300E-03
 7.000000E-01,  5.693900E-07,  2.893100E-04,  9.259900E-04,  1.377400E-03,  1.678300E-03
 7.500000E-01,  6.152500E-07,  2.957800E-04,  9.635100E-04,  1.453900E-03,  1.781100E-03
 8.000000E-01,  6.642100E-07,  3.019600E-04,  9.975000E-04,  1.527100E-03,  1.881300E-03
 8.500000E-01,  7.159800E-07,  3.079200E-04,  1.028300E-03,  1.597100E-03,  1.979000E-03
 9.000000E-01,  7.708300E-07,  3.136900E-04,  1.056200E-03,  1.663800E-03,  2.074100E-03
 9.500000E-01,  8.291500E-07,  3.193200E-04,  1.081300E-03,  1.727100E-03,  2.166400E-03
 1.000000E+00,  8.908200E-07,  3.248600E-04,  1.104100E-03,  1.787300E-03,  2.256200E-03
 1.050000E+00,  9.562200E-07,  3.302900E-04,  1.124800E-03,  1.844100E-03,  2.343100E-03
 1.100000E+00,  1.025200E-06,  3.356500E-04,  1.143800E-03,  1.897700E-03,  2.427100E-03
 1.150000E+00,  1.098200E-06,  3.409300E-04,  1.161200E-03,  1.948100E-03,  2.508400E-03
 1.200000E+00,  1.175100E-06,  3.461700E-04,  1.177300E-03,  1.995300E-03,  2.586800E-03
 1.250000E+00,  1.257000E-06,  3.513600E-04,  1.192400E-03,  2.039600E-03,  2.662500E-03
 1.300000E+00,  1.344100E-06,  3.565600E-04,  1.206800E-03,  2.081500E-03,  2.736300E-03
 1.350000E+00,  1.434700E-06,  3.616800E-04,  1.220300E-03,  2.120000E-03,  2.806100E-03
 1.400000E+00,  1.530200E-06,  3.667500E-04,  1.233100E-03,  2.156100E-03,  2.873400E-03
 1.450000E+00,  1.630800E-06,  3.718000E-04,  1.245400E-03,  2.189500E-03,  2.937500E-03
 1.500000E+00,  1.736500E-06,  3.768300E-04,  1.257300E-03,  2.220600E-03,  2.998900E-03
 1.550000E+00,  1.847300E-06,  3.817900E-04,  1.268700E-03,  2.249500E-03,  3.057300E-03
 1.600000E+00,  1.964400E-06,  3.867700E-04,  1.279800E-03,  2.276600E-03,  3.113300E-03
 1.650000E+00,  2.087200E-06,  3.917300E-04,  1.290800E-03,  2.302100E-03,  3.166700E-03
 1.700000E+00,  2.216400E-06,  3.966900E-04,  1.301400E-03,  2.325800E-03,  3.217500E-03
 1.750000E+00,  2.351600E-06,  4.016000E-04,  1.311700E-03,  2.348300E-03,  3.265600E-03
 1.800000E+00,  2.493500E-06,  4.065200E-04,  1.322000E-03,  2.369300E-03,  3.311400E-03
 1.850000E+00,  2.644300E-06,  4.115100E-04,  1.332100E-03,  2.389600E-03,  3.355300E-03
 1.900000E+00,  2.800100E-06,  4.164000E-04,  1.342000E-03,  2.408600E-03,  3.396400E-03
 1.950000E+00,  2.963200E-06,  4.212600E-04,  1.351800E-03,  2.426800E-03,  3.435200E-03
 2.000000E+00,  3.133400E-06,  4.261700E-04,  1.361400E-03,  2.444100E-03,  3.471900E-03
 2.050000E+00,  3.312000E-06,  4.310300E-04,  1.370900E-03,  2.460900E-03,  3.506800E-03
 2.100000E+00,  3.498100E-06,  4.359100E-04,  1.380200E-03,  2.477000E-03,  3.539700E-03
 2.150000E+00,  3.692500E-06,  4.407600E-04,  1.389500E-03,  2.492700E-03,  3.571000E-03
 2.200000E+00,  3.895300E-06,  4.456000E-04,  1.398700E-03,  2.507700E-03,  3.600500E-03
 2.250000E+00,  4.106900E-06,  4.504600E-04,  1.407800E-03,  2.522600E-03,  3.628500E-03
 2.300000E+00,  4.327900E-06,  4.552900E-04,  1.416800E-03,  2.536900E-03,  3.655200E-03
 2.350000E+00,  4.557000E-06,  4.601500E-04,  1.425700E-03,  2.550900E-03,  3.680400E-03
 2.400000E+00,  4.800100E-06,  4.650600E-04,  1.434700E-03,  2.564800E-03,  3.705000E-03
 2.450000E+00,  5.049500E-06,  4.699100E-04,  1.443600E-03,  2.578200E-03,  3.728100E-03
 2.500000E+00,  5.308400E-06,  4.747500E-04,  1.452300E-03,  2.591500E-03,  3.750200E-03
 2.550000E+00,  5.577500E-06,  4.795800E-04,  1.460900E-03,  2.604400E-03,  3.771400E-03
 2.600000E+00,  5.856900E-06,  4.844300E-04,  1.469500E-03,  2.617200E-03,  3.791700E-03
 2.650000E+00,  6.146800E-06,  4.892800E-04,  1.478100E-03,  2.629700E-03,  3.811500E-03
 2.700000E+00,  6.448100E-06,  4.941100E-04,  1.486600E-03,  2.642200E-03,  3.830700E-03
 2.750000E+00,  6.760300E-06,  4.989300E-04,  1.495100E-03,  2.654400E-03,  3.849300E-03
 2.800000E+00,  7.083800E-06,  5.037700E-04,  1.503500E-03,  2.666400E-03,  3.867200E-03
 2.850000E+00,  7.420200E-06,  5.086300E-04,  1.511800E-03,  2.678300E-03,  3.884600E-03
 2.900000E+00,  7.766900E-06,  5.134700E-04,  1.520100E-03,  2.690200E-03,  3.901700E-03
 2.950000E+00,  8.131500E-06,  5.183700E-04,  1.528600E-03,  2.702000E-03,  3.918500E-03
 3.000000E+00,  8.504100E-06,  5.232200E-04,  1.536800E-03,  2.713600E-03,  3.934700E-03
 3.050000E+00,  8.889800E-06,  5.280700E-04,  1.545000E-03,  2.725100E-03,  3.950700E-03
 3.100000E+00,  9.288100E-06,  5.329300E-04,  1.553200E-03,  2.736300E-03,  3.966200E-03
 3.150000E+00,  9.699900E-06,  5.378100E-04,  1.561300E-03,  2.747500E-03,  3.981500E-03
 3.200000E+00,  1.012400E-05,  5.426800E-04,  1.569500E-03,  2.758800E-03,  3.996500E-03
 3.250000E+00,  1.056400E-05,  5.475500E-04,  1.577500E-03,  2.769800E-03,  4.011400E-03
 3.300000E+00,  1.101800E-05,  5.524300E-04,  1.585600E-03,  2.780600E-03,  4.025900E-03
 3.350000E+00,  1.148700E-05,  5.573300E-04,  1.593600E-03,  2.791400E-03,  4.040100E-03
 3.400000E+00,  1.196900E-05,  5.622400E-04,  1.601600E-03,  2.802400E-03,  4.054300E-03
 3.450000E+00,  1.246700E-05,  5.671300E-04,  1.609600E-03,  2.813100E-03,  4.068300E-03
 3.500000E+00,  1.298800E-05,  5.721300E-04,  1.617700E-03,  2.823800E-03,  4.082200E-03
 3.550000E+00,  1.351400E-05,  5.770300E-04,  1.625600E-03,  2.834500E-03,  4.095600E-03
 3.600000E+00,  1.405900E-05,  5.820000E-04,  1.633600E-03,  2.844900E-03,  4.109000E-03
